,Name,KeywordsByWord
0,presidente,"['vietnam', 'cuba', 'visita', 'presidente', 'cambio', 'mensaje', 'quiebre', 'resultado', 'vicepresidenta', 'consecuencia', 'presidente', 'cristina kirchner', 'alberto fernández', 'argentina', 'presidente', 'vicepresidenta', 'diferencia', 'luis lacalle', 'maduro', 'cita', 'legitimidad', 'cumbre', 'mario abdo benítez', 'presidente', 'participación', 'retiro', 'medida', 'persona', 'fiscal', 'tercio', 'poder', '/cc', 'purga', 'concentración', 'juez', 'decreto', 'presidente', 'nicolás maduro', 'objetivo', 'vi cumbre', 'latininoamericana', 'méxico', 'ciudad de méxico', 'izquierda', 'región', 'reunión', 'miguel díaz-canel', 'organismo', 'amlo', 'oea', 'presidente', 'captura', 'narcoterrorismo', 'recompensa', '/cc', 'vez', 'sorpresa', 'aterrizaje', '2020', 'país', 'presidente', 'miércoles', 'luna', 'el salvador', 'persona', 'millón', 'fin', 'manifestación', 'país', 'miel', 'presidente', 'nayib bukele', 'nicolás maduro', 'benítez', 'reconocimiento', 'presencia', 'sentido', 'maduro', 'circunstancia', 'comentario', 'cumbre', 'gobierno', 'debate', 'señor', 'presidente', '“', 'miércoles', 'luna', 'el salvador', 'persona', 'millón', 'fin', 'manifestación', 'país', 'miel', 'presidente', 'nayib bukele', 'mujer', 'palacio', 'poder', 'triunfo', 'guerra', 'cristina fernández de kirchner', 'vez', 'día', 'vice', 'argentina', 'país', 'crisis', 'presidente', 'onu', 'bolsonaro', 'vacuna', 'covid', 'martes', 'nueva york', 'honor', 'sesión', 'líder', 'orador', 'presidente', 'código', 'prueba', 'el salvador', 'matrimonio', 'propuesta', 'aborto', 'reforma', 'eutanasia', 'presidente', 'visita', 'país', 'posición', 'españa', 'feria del libro de madrid', 'artista', 'expresión', 'iván duque', 'presidente', 'mandatario', 'cumbre de', 'declaración', 'lv', 'presidente', 'figura', 'nguyen xuan phuc', 'sábado', 'isla', 'encuentro', 'visita', 'presidente', 'unidad', 'vi cumbre de la celac', 'mensaje', 'propuesta', 'unión europea', 'colectividad', 'región', 'presidente', 'momento', 'discurso', 'acción', 'relación', 'discriminación', 'américa latina', 'mundo', 'presidente', 'país', 'perú', 'integración', 'necesidad', 'celac', 'américa latina', 'presidente', 'fondo', 'adversidad', 'el caribe', 'tema', 'perú', 'creación', 'ddhh', 'droga', 'seguridad', 'ods', 'democracia', 'celac', 'cumplimiento', 'lucha', 'presidente', 'corrupción', 'tema', 'perú', 'esfuerzo', 'territorio', 'celac', 'presidente', 'financiamiento', 'economía', 'reactivación', 'perú', 'paraguay', 'unión', 'celac', 'pueblo', 'vocación', 'oea', 'presidente', 'reconocimiento', 'presencia', 'paraguay', 'sentido', 'cumbre', 'gobierno del señor', 'presidente', 'cambio', 'medida', 'prevención', 'intercambio', 'información', 'tragedia', 'experiencia', 'honduras', 'presidente', 'centro', 'recurso', 'mundo', 'guyana', 'crisis', 'dependencia', 'presidente', 'pueblo', 'guatemala', 'fortalecimiento', 'estadio', 'unión', 'multilateralismo', 'presidente', 'mercado', 'peso', 'libertad', 'futuro', 'ecuador', 'economía', 'presidente', 'mercado', 'peso', 'libertad', 'futuro', 'ecuador', 'economía', 'presidente', 'integración', 'comercio', 'política', 'latinoamérica', 'ecuador', 'europa', 'presidente', 'tratado', 'relación', 'vecino', 'interés', 'ecuador', 'presidente', 'integración', 'presidente', 'ecuador', 'evento', 'diferencia', 'transformación', 'democracia', 'organismo', 'interés', 'pueblo', 'bolivia', 'presidente', 'pago', 'suspensión', 'condonación', 'acuerdo', 'país', 'recurso', 'comunidad', 'bolivia', 'crisis', 'presidente', 'deuda', 'objetivo', 'vida', 'inmunización', 'pandemia', 'interés', 'bolivia', 'patente', 'presidente', 'aporte', 'vacuna', 'apoyo', 'compromiso', 'declaración', 'producción', 'reactivación', 'bolivia', 'acceso', 'presidente', 'consenso', 'foro', 'méxico', 'propuesta', 'ministro', 'estoy seguro', 'vicepresidenta', 'presidente', 'integración', 'pueblo', 'unión', 'democracia', 'institucionalidad', 'favor', 'promoción', 'presidente', 'vacuna', 'distribución', 'sábado', 'producción', 'disposición', 'presidente', 'mercado', 'mano', 'obra', 'canadá', 'continente', 'méxico', 'recurso', 'eeuu', 'américa', 'presidente', 'tratado', 'propuesta', 'vi cumbre de la', 'organismo', 'serie', 'presidente', 'llegada', 'mercado', 'canadá', 'méxico', 'eeuu', 'continente', 'presidente', 'tratado', 'unidad', 'vi cumbre de la celac', 'mensaje', 'propuesta', 'unión europea', 'colectividad', 'región', 'presidente', 'canadá', 'relación', 'ideal', 'respeto', 'méxico', 'unión europea', 'celac', 'eeuu', 'presidente', 'soberanía', 'diálogo', 'fecha', 'debate', 'presidente', '2008', 'derecha', 'caracas el comandante', 'cancún', 'brasil', 'presidente', 'entrevista', 'presidente', 'luis arce', 'acto', 'gobierno', 'jeanine áñez', 'inauguración', 'facto', 'pobreza', 'departamento', 'cumbre para la reconstrucción económica y productiva de potosí', 'presidente', 'cambio', 'ministro', 'semana', 'incertidumbre', 'gabinete', 'presidente', 'mandatario', 'cumbre de', 'declaración', 'lv', 'presidente', 'figura', 'nguyen xuan phuc', 'sábado', 'isla', 'encuentro', 'visita', 'presidente', 'integración', 'pueblo', 'unión', 'democracia', 'institucionalidad', 'favor', 'promoción', 'presidente', 'vacuna', 'distribución', 'sábado', 'producción', 'disposición', 'presidente', 'jefes de estado', 'vi cumbre de jefas', 'mandatario', 'gobierno', 'presidente', 'propuesta', 'vi cumbre de la', 'organismo', 'serie', 'presidente', 'llegada', 'unidad', 'vi cumbre de la celac', 'mensaje', 'propuesta', 'unión europea', 'colectividad', 'región', 'presidente', 'agradezco', 'desarrollo', 'intervencionismo', 'respaldo', 'estados unidos', 'cuba', 'bloqueo', 'nación', 'presidente', 'china', 'xi', 'vi cumbre de la celac', 'mensaje', 'jinping', 'presidente', 'europeo', 'riesgo', 'obligación', 'posibilidad', 'recurso', 'planeta', 'consejo', 'país', 'charles michel', 'presidente', 'cambio', 'europeo', 'historia', 'generación', 'pandemia', 'precedente', 'consejo', 'humanidad', 'lado', 'charles michel', 'presidente', 'cambio', 'ministro', 'semana', 'incertidumbre', 'gabinete', 'presidente', 'jefes de estado', 'vi cumbre de jefas', 'mandatario', 'gobierno', 'presidente', 'desarrollo', 'alianza', 'senado de república dominicana', 'república dominicana', 'fondo', 'presidente', 'creación', 'mundo', 'senado de república dominicana', 'región', 'multilaterismo', 'resto', 'presidente', 'desarrollo', 'primer', 'cumbre→', 'ministro', 'presidente', 'juan antonio biceño', 'hospitalidad', '→', 'noviembre', 'proceso', 'presidente', 'elección', 'parte', 'nación', '→', 'esfuerzo', 'camino', 'año', 'celac', 'cumbre', 'presidente', 'diálogo', 'desarrollo', 'camino', 'paz', 'apoyo', 'venezuela', 'gobierno', 'oposiciones→', 'presidente', 'resistencia', 'libertad', 'respeto', 'democracia', 'venezuela', 'revolución', 'presidente', 'proceso', 'preparación', 'cumbre  →', 'presidente', 'democracia →', 'autodeterminación', 'celac', 'intervención', 'elemento', 'presidente', 'multinacionalismo', 'paz', 'estado de derecho', 'américa latina', 'republica de surinam', 'el caribe', 'presidente', 'medida', 'cooperación', 'sistema', 'pandemia', 'nivel', 'brecha', 'atención', 'debilidad', 'presidente', '→', 'momento', 'cooperación', 'tiempo', 'solidaridad', 'presidente', '→', 'significado', 'pandemia', 'ayuda', 'crisis', 'presidente', 'medida', 'celac', 'vulnerabilidad', 'caricom →', 'presidente', 'necesidad', 'integración', 'solucionar→', 'américa latina y el caribe', 'tema', 'presidente', 'integración', '→', 'género', 'respeto', 'protección', 'américa latina', 'igualdad', 'tarea', 'pueblo', 'el caribe', 'presidente', 'pueblo', 'pandemia', 'presidente', 'problema', 'hecho', 'celac', 'tiempo', 'día', 'economía', 'presidente', 'momento', 'mano', 'difíciles→', 'presidente', 'pueblo', 'nación', 'construcción', 'presidente', 'sociedad', 'cambio', 'prevención', 'propuesta', 'víctima', 'responsable', 'climático→', 'centro', 'hincapié', 'presidente', 'creación', 'salvo', 'sálvese', 'mundo', 'pandemia', 'país', 'también→', 'resto', 'presidente', 'unión', 'fuerza→', 'problema', 'presidente', 'pueblo', 'raíz', 'américa latina y el caribe', 'conjunto', 'nación', 'desigualdad→', 'problema', 'mohamed irfaan ali', 'pobreza', 'salud', 'crisis', 'presidente', 'nacionalismo', 'vacunas→', 'caribe', 'latinoamérica', 'mohamed irfaan ali', 'víctima', 'presidente', 'batalla', 'lugar', 'cumbre', 'vacuna→', 'importancia', 'mohamed irfaan ali', 'país', 'virus', 'acceso', 'presidente', 'plan', 'cambio', 'énfasis', 'guatemala', 'vacuna', 'alimentación', 'climáticos→', 'pueblo', 'nación', 'presidente', 'cambio', 'naciones →', 'unión', 'salud', 'economía', 'solidaridad', 'nación', 'presidente', 'américa latina', 'importancia', 'pueblo', 'el caribe', 'presidente', 'gobiernos→', 'integración', 'ciudadano', 'caribe→', 'futuro', 'parte', 'presidente', 'vía', '→', 'ciudadano', 'peso', 'potencial', 'liberación', 'país', 'economía', 'presidente', 'plan', 'gracias', '→', 'cooperación', 'cumplimiento', 'gestión', 'vacunación', 'éxito', 'nación', 'presidente', '→', 'fundación', 'siglo', 'esperanza', 'lucha', 'presidente', 'bloqueo', 'unión', 'intento', 'presidente', 'pesar', 'solo', 'nación', 'bien', 'gobierno cubano', 'estado de derecho socialista', 'presidente', 'estabilidad', 'deseo', 'agradecimiento', 'presidente', 'nación', 'derecho', 'distinción', 'bien', 'alguna→', 'presidente', 'salud', 'nación', 'mas', 'naciones →', 'muestra', 'compromiso', 'declaración', 'día', 'nivel', 'confianza', 'presidente', 'país', 'nación', 'reunión', 'miembro', 'presidencia', 'los estados', 'medida', 'esfuerzo', 'fin', 'presidente', 'cabo', 'reunión', 'necesidad', '→', 'solidaridad', 'transformación', 'celac', 'pueblo', 'principio', 'presidente', 'estados →', 'necesidad', 'democracia', 'vez', 'organismo', 'contrato', 'contra', 'oea', 'presidente', 'decisión', 'país', 'facultad', 'gobierno', 'pueblo', 'terreno', 'causa', 'presidente', 'unión europea →', 'algo', 'origen', 'comunidad', 'continente', 'presidente', 'integración', 'ideal', 'américa latina', 'la celac', 'las naciones', 'instrumento', 'país', 'el caribe', 'presidente', 'gobierno de la celac →', 'vi cumbre de jefes de estado', 'presidente', 'partir', 'mes', 'alberto fernández', 'salario', 'presidente', 'propuesta', 'vi cumbre de la', 'organismo', 'serie', 'presidente', 'llegada', 'jefes de estado', 'vi cumbre de jefas', 'mandatario', 'gobierno', 'presidente', 'propuesta', 'vi cumbre de la', 'organismo', 'serie', 'presidente', 'llegada', 'cambio', 'ministro', 'semana', 'incertidumbre', 'gabinete', 'presidente']"
1,→,"['vía', '→', 'trabajo', 'representante', 'celac', 'soberanía', '→', 'esfuerzo', 'ministro de agricultura', 'covid-19', 'vacuna', 'distribución', 'celac', 'región', 'producción', 'peter david', '→', 'covid-19', 'vacuna', 'canciller', 'distribución', 'particular', 'amery brown', 'país', 'reunión', 'voz', '→', 'relaciones', 'kamina johnson smith', 'ministra', 'caribe', 'latinoamérica', 'unión', 'jamaica', 'reunión', 'presidencia', '→', 'denis moncada', 'canciller', 'celac', 'pretempore', 'argentina', 'asunto', '→', 'esfuerzo', 'libro', 'covid-19', 'denis moncada', 'canciller', 'vacuna', 'coronavirus', 'favor', 'acceso', 'patente', 'unidad', 'integración', '→', 'libertad', 'denis moncada', 'canciller', 'vida', 'celac', '→', 'haití', 'ministro de asuntos', 'pueblo', 'terremoto', 'nación', '→', 'manera', 'barbados', 'gobiernos', 'fenómeno', 'recurso', 'vacuna', 'magnitud', 'pandemia', 'ministro de relaciones exteriores de', 'jerome walcott', '→', 'turismo', 'agrandes', 'barbados', 'industria', 'agricultura', 'pandemia', 'ministro de relaciones exteriores de', 'jerome walcott', '→', 'primer', 'muestra', 'progreso', 'hecho', 'ministro de san vicente y las granadinas ralph gonsalves', 'lider', 'latina', '→', 'solución', 'primer', 'ministro', 'problema', 'el caribe', 'exhorto', 'américa', 'nación', '→', 'cambio', 'objetivo', 'solución', 'primer', 'desempleo', 'escala', 'milenio', 'ministro', 'problema', 'pandemia', '→', 'primer', 'política', 'ministro', 'problema', 'programa', 'pueblo', '→', 'noviembre', 'proceso', 'presidente', 'elección', 'parte', 'nación', '→', 'esfuerzo', 'camino', 'año', 'celac', 'cumbre', 'presidente', '→', 'momento', 'cooperación', 'tiempo', 'solidaridad', 'presidente', '→', 'significado', 'pandemia', 'ayuda', 'crisis', 'presidente', 'integración', '→', 'género', 'respeto', 'protección', 'américa latina', 'igualdad', 'tarea', 'pueblo', 'el caribe', 'presidente', 'vía', '→', 'ciudadano', 'peso', 'potencial', 'liberación', 'país', 'economía', 'presidente', 'plan', 'gracias', '→', 'cooperación', 'cumplimiento', 'gestión', 'vacunación', 'éxito', 'nación', 'presidente', '→', 'fundación', 'siglo', 'esperanza', 'lucha', 'presidente', 'necesidad', '→', 'solidaridad', 'transformación', 'celac', 'pueblo', 'principio', 'presidente']"
2,celac,"['relación', 'venezuela cuba', 'sábado', 'celac', 'eeuu', 'cumbre', 'gobierno', 'crítica', 'líder', 'exigencia', '@fisanchezn', 'región', 'oea', 'nicaragua', 'méxico', 'celac', 'sorpresa', 'cumbre', 'ausencia', 'foro', 'cara', 'celac', 'eeuu', 'alternativa', 'américa latina lo', 'instrumento', 'país', 'oea', 'integración', 'necesidad', 'celac', 'américa latina', 'presidente', 'fondo', 'adversidad', 'el caribe', 'tema', 'perú', 'creación', 'ddhh', 'droga', 'seguridad', 'ods', 'democracia', 'celac', 'cumplimiento', 'lucha', 'presidente', 'corrupción', 'tema', 'perú', 'esfuerzo', 'territorio', 'celac', 'presidente', 'financiamiento', 'economía', 'reactivación', 'perú', 'paraguay', 'unión', 'celac', 'pueblo', 'vocación', 'oea', 'presidente', 'presidente de bolivia', 'necesidad', 'estado', 'fortalecimiento', 'celac', 'organismo', 'multilateralismo', 'principio', 'oea', 'presidente de bolivia', 'factor', 'protagonismo', 'legitimidad', 'celac', 'injerencia', 'democracia', 'situación', '2010', 'oea', 'canadá', 'relación', 'ideal', 'respeto', 'méxico', 'unión europea', 'celac', 'eeuu', 'presidente', 'soberanía', 'celac', 'venezuela', 'debate', 'espíritu', 'elección', 'país', 'democracia', 'celac', 'injerencia', 'organismo', 'interés', 'oea', 'plan de la cepal', 'vi cumbre de la celac', 'celac', 'resultado', 'conferencia del secretario de relaciones exteriores de méxico', 'desarrollo', 'aporte', 'plan sanitaria', 'secretaria ejecutiva de la cepal alicia bárcena', 'celac', 'cepal', 'objetivo', 'representante', 'celac', 'reproductividad', 'san cristóbal', 'nieves everson hull', 'actualización', 'visión', 'celac', 'subsecretario de relaciones económicas de', 'prioridad', 'proceso', 'como país', 'rodrigo yáñez benítez', 'vía', '→', 'trabajo', 'representante', 'celac', 'soberanía', 'ministro de agricultura', 'forma', 'covid-19', 'papel', 'vacuna', 'celac', 'pobreza', 'desafío', 'peter david', 'crisis', '→', 'esfuerzo', 'ministro de agricultura', 'covid-19', 'vacuna', 'distribución', 'celac', 'región', 'producción', 'peter david', 'presidencia', '→', 'denis moncada', 'canciller', 'celac', 'pretempore', 'argentina', 'asunto', 'necesidad', 'estrategia', 'iniciativa', 'fenómeno', 'celac', 'ministro de asuntos', 'denis moncada', 'canciller', 'celac', 'eeuu', 'intento', 'cuba venezuela', 'país', 'imperio', 'unidad', 'integración', '→', 'libertad', 'denis moncada', 'canciller', 'vida', 'celac', 'forma', 'celac', 'vicepresidente', 'salvador', 'sede', 'instancia', 'tema', 'seguimiento', 'acuerdo', 'celac', 'cumbre', 'vicepresidente', 'salvador', 'mecanismo', 'momento', 'celac', 'vicepresidente', 'evolución', 'mandato', 'salvador', 'restitución', 'secretario general', 'ministro de santa lucía philip joseph pierre', 'dificultad', 'respuesta', 'establecimiento', 'primer', 'desastre', 'celac', 'fondo', '→', 'esfuerzo', 'camino', 'año', 'celac', 'cumbre', 'presidente', 'democracia →', 'autodeterminación', 'celac', 'intervención', 'elemento', 'presidente', 'medida', 'celac', 'vulnerabilidad', 'caricom →', 'presidente', 'hecho', 'celac', 'tiempo', 'día', 'economía', 'presidente', 'necesidad', '→', 'solidaridad', 'transformación', 'celac', 'pueblo', 'principio', 'presidente', 'paraguay', 'maduro', 'millón', 'recompensa', 'ciudad de méxico', 'celac', 'eeuu', 'venezuela', 'cumbre', 'gobierno', 'gobernante', 'uruguay', 'dólares', 'participación']"
3,país,"['país', 'año', 'república federal de centroamérica', 'siglo', 'país', 'país', 'centroamérica', 'país', 'sueño', 'país', 'infraestructura', 'mujer', 'persona', 'matrimonio', 'hombre', 'país', 'país', 'infraestructura', 'foro', 'cara', 'celac', 'eeuu', 'alternativa', 'américa latina lo', 'instrumento', 'país', 'oea', 'brote', 'información', 'experto', 'rr', 'gigante', 'importancia', 'peste', 'amenaza', 'país', 'región', 'vecino', 'captura', 'narcoterrorismo', 'recompensa', '/cc', 'vez', 'sorpresa', 'aterrizaje', '2020', 'país', 'presidente', 'miércoles', 'luna', 'el salvador', 'persona', 'millón', 'fin', 'manifestación', 'país', 'miel', 'presidente', 'nayib bukele', 'tierra', 'libanés', 'ochenta', 'guerra', 'década', 'ruta', 'país', 'crisis', 'integración', 'sistema', 'divisa', 'país', 'masa', 'beneficio', 'miércoles', 'luna', 'el salvador', 'persona', 'millón', 'fin', 'manifestación', 'país', 'miel', 'presidente', 'nayib bukele', 'texas', 'medio', 'regreso', 'washington', 'origen', 'ee uu', 'sur', 'haitiano', 'vuelo', 'domingo', 'país', 'migrant', 'guerrero', 'ciudad de méxico', 'tlaxcala oaxaca', 'septiembre', 'alerta', 'michoacán puebla', 'estados', 'domingo', 'país', 'chiapas', 'parte', 'estado de méxico morelos', 'mujer', 'palacio', 'poder', 'triunfo', 'guerra', 'cristina fernández de kirchner', 'vez', 'día', 'vice', 'argentina', 'país', 'crisis', 'presidente', 'pieza', 'justicia', 'onu', 'represión', 'país', 'opositor', 'conclusión', 'crisis', 'informe', 'clave', 'visita', 'país', 'posición', 'españa', 'feria del libro de madrid', 'artista', 'expresión', 'iván duque', 'presidente', 'diario', 'país', 'travesía', 'migrant', 'pareja', 'desaparición', 'paradero', 'misterio', 'sábado', 'brian laundrie', 'familia', 'joven', 'casa', 'país', 'camioneta', 'forma', 'año', 'estatus', 'la abogada', 'país', 'esposa', 'ceremonia', 'decena', 'eeuu', 'día de la ciudadanía', 'país', 'mujer', 'desaparición', 'final', 'pareja', 'año', 'agosto', 'oeste', 'brian laundrie', 'familia', 'joven', 'prometido', 'semana', 'país', 'gabby petito', 'viaje', 'momento', 'discurso', 'acción', 'relación', 'discriminación', 'américa latina', 'mundo', 'presidente', 'país', 'perú', 'pago', 'suspensión', 'condonación', 'acuerdo', 'país', 'recurso', 'comunidad', 'bolivia', 'crisis', 'presidente', 'deuda', 'celac', 'venezuela', 'debate', 'espíritu', 'elección', 'país', 'onu', 'medida', 'crisis', 'venezuela', 'mundo', 'cuba', 'fin', 'capricho', 'caso', 'bloqueo', 'país', 'época', 'estado', 'golpe', 'contra', 'injerencia', 'organismo', 'país', 'bolivia', 'oea', 'asunto', 'participación', 'mandatario', 'democracia', 'intervención', 'temática', 'país', 'integración', 'relación', 'iv', 'cumbre', 'instrumento', 'país', 'el caribe', 'plan', 'secretario general de la', 'onu', 'equipo', 'covid-19', 'vacuna', 'emergencia', 'socio', 'país', 'herramienta', 'acceso', 'vacunación', 'secretario general de la', 'onu', 'desigualdad', 'vacuna', 'distribución', 'américa latina', 'caribe', 'país', 'acceso', 'europeo', 'riesgo', 'obligación', 'posibilidad', 'recurso', 'planeta', 'consejo', 'país', 'charles michel', 'presidente', 'país', 'secretaria ejecutiva de la cepal alicia bárcena', 'atención primaria', 'representante', 'denis moncada', 'canciller', 'término', 'país', 'cumbre de la celac', 'rechazo', 'plan', 'ministro de agricultura', 'país', 'peter david', 'celac →', '→', 'covid-19', 'vacuna', 'canciller', 'distribución', 'particular', 'amery brown', 'país', 'reunión', 'denis moncada', 'canciller', 'celac', 'eeuu', 'intento', 'cuba venezuela', 'país', 'imperio', 'salvo', 'sálvese', 'mundo', 'pandemia', 'país', 'también→', 'resto', 'presidente', 'batalla', 'lugar', 'cumbre', 'vacuna→', 'importancia', 'mohamed irfaan ali', 'país', 'virus', 'acceso', 'presidente', 'vía', '→', 'ciudadano', 'peso', 'potencial', 'liberación', 'país', 'economía', 'presidente', 'mas', 'naciones →', 'muestra', 'compromiso', 'declaración', 'día', 'nivel', 'confianza', 'presidente', 'país', 'nación', 'reunión', 'decisión', 'país', 'facultad', 'gobierno', 'pueblo', 'terreno', 'causa', 'presidente', 'integración', 'ideal', 'américa latina', 'la celac', 'las naciones', 'instrumento', 'país', 'el caribe', 'presidente', 'municipio', 'vivienda', 'inmigrante', 'edad', 'condición', 'país', 'san francisco tlaltenango puebla']"
4,cumbre,"['relación', 'venezuela cuba', 'sábado', 'celac', 'eeuu', 'cumbre', 'gobierno', 'crítica', 'líder', 'exigencia', '@fisanchezn', 'región', 'oea', 'nicaragua', 'méxico', 'celac', 'sorpresa', 'cumbre', 'ausencia', 'luis lacalle', 'maduro', 'cita', 'legitimidad', 'cumbre', 'mario abdo benítez', 'presidente', 'participación', 'nicolás maduro', 'benítez', 'reconocimiento', 'presencia', 'sentido', 'maduro', 'circunstancia', 'comentario', 'cumbre', 'gobierno', 'debate', 'señor', 'presidente', '“', 'nicolás maduro', 'viernes', 'el presidente venezolano', 'méxico', 'noche', 'sorpresa', 'cumbre', 'hora', 'reconocimiento', 'presencia', 'paraguay', 'sentido', 'cumbre', 'gobierno del señor', 'presidente', 'integración', 'relación', 'iv', 'cumbre', 'instrumento', 'país', 'el caribe', 'objetivo', 'manera', 'representante', 'política', 'san cristóbal', 'cumbre', 'nieves everson hull', 'momento', 'subsecretario de relaciones económicas de', 'cumbre', 'ayuda', 'diversidad', 'región', 'rodrigo yáñez benítez', 'contexto', 'afganistán', 'tropa', 'gasto', 'presencia', 'washington', 'rol', 'cosecha', 'año', 'cumbre', 'aquí→', 'crítica', 'crisis', 'seguimiento', 'acuerdo', 'celac', 'cumbre', 'vicepresidente', 'salvador', '→', 'esfuerzo', 'camino', 'año', 'celac', 'cumbre', 'presidente', 'batalla', 'lugar', 'cumbre', 'vacuna→', 'importancia', 'mohamed irfaan ali', 'país', 'virus', 'acceso', 'presidente', 'paraguay', 'maduro', 'millón', 'recompensa', 'ciudad de méxico', 'celac', 'eeuu', 'venezuela', 'cumbre', 'gobierno', 'gobernante', 'uruguay', 'dólares', 'participación']"
5,gobierno,"['relación', 'venezuela cuba', 'sábado', 'celac', 'eeuu', 'cumbre', 'gobierno', 'crítica', 'líder', 'exigencia', '@fisanchezn', 'región', 'oea', 'nicaragua', 'poder', 'dinastía', 'año', 'gobierno', 'fin', 'qing', 'realidad', 'fractura', 'gobierno', 'argentina', 'semana', 'enfado', 'gobierno', 'acuerdo', 'ruptura', 'ministro', 'total', 'gobierno', 'proyecto', 'información', 'ley', 'sábado', 'uif', 'gobierno', 'través', 'unidad de investigaciones financieras', 'gs', 'fuente', 'contra la legitimación de ganancias ilícitas', 'secreto', 'aprieto', 'frontera', 'mayoría', 'haití', 'puente', 'gobierno', 'crisis', 'migrant', 'asamblea', 'onu', 'asistencia', 'gobierno', 'gabinete', 'frente', 'pulso', 'cuerpo', 'morgue', 'muerte', 'jc', 'cabecilla', 'sábado', '1992', 'izquierda', 'prisión', 'gobierno', 'condena', 'perpetuidad', 'nicolás maduro', 'benítez', 'reconocimiento', 'presencia', 'sentido', 'maduro', 'circunstancia', 'comentario', 'cumbre', 'gobierno', 'debate', 'señor', 'presidente', '“', 'escritor', 'hombre', 'vida', 'gobierno', 'expresidente', 'ensayo', 'resultado', 'zapatero', 'borges', 'literatura', 'urgencia', 'representante', 'industria', 'gobierno', 'boris johnson', 'reunión', 'cambio', 'cristina kirchner', 'domingo', 'derrota', 'ministro', 'gobierno', 'exigencia', 'elección', 'población', 'estado', 'sur', 'gobierno', 'vuelo', 'campamento', 'serie', 'ciudadano', 'objetivo', 'frontera', 'gobierno', 'organización', 'situación', 'migrant', 'relación', 'apoyo', 'gobierno', 'pandemia', 'caso', 'bolivia', 'luis arce', 'acto', 'gobierno', 'jeanine áñez', 'inauguración', 'facto', 'pobreza', 'departamento', 'cumbre para la reconstrucción económica y productiva de potosí', 'presidente', 'población', 'estado', 'sur', 'gobierno', 'vuelo', 'campamento', 'serie', 'ciudadano', 'objetivo', 'frontera', 'gobierno', 'organización', 'situación', 'migrant', 'jefes de estado', 'vi cumbre de jefas', 'mandatario', 'gobierno', 'presidente', 'infraestructura', 'gobierno', 'fin', 'sector', 'inversión', 'jefes de estado', 'vi cumbre de jefas', 'mandatario', 'gobierno', 'presidente', 'infraestructura', 'gobierno', 'fin', 'sector', 'inversión', 'diálogo', 'desarrollo', 'camino', 'paz', 'apoyo', 'venezuela', 'gobierno', 'oposiciones→', 'presidente', 'decisión', 'país', 'facultad', 'gobierno', 'pueblo', 'terreno', 'causa', 'presidente', 'población', 'estado', 'sur', 'gobierno', 'vuelo', 'campamento', 'serie', 'población', 'estado', 'sur', 'gobierno', 'vuelo', 'campamento', 'serie', 'jefes de estado', 'vi cumbre de jefas', 'mandatario', 'gobierno', 'presidente', 'paraguay', 'maduro', 'millón', 'recompensa', 'ciudad de méxico', 'celac', 'eeuu', 'venezuela', 'cumbre', 'gobierno', 'gobernante', 'uruguay', 'dólares', 'participación']"
6,ministro,"['ministro', 'total', 'gobierno', 'voto', 'justin trudeau', 'canadá', 'intención', 'posibilidad', 'ministro', 'lunes', 'líder', 'erin otoole', 'elección', 'empate', 'cambio', 'cristina kirchner', 'domingo', 'derrota', 'ministro', 'gobierno', 'exigencia', 'elección', 'consenso', 'foro', 'méxico', 'propuesta', 'ministro', 'estoy seguro', 'vicepresidenta', 'presidente', 'necesidad', 'consejo', 'ministro', 'población', 'cambio', 'ministro', 'semana', 'incertidumbre', 'gabinete', 'presidente', 'cambio', 'ministro', 'semana', 'incertidumbre', 'gabinete', 'presidente', 'lider', 'latina', '→', 'solución', 'primer', 'ministro', 'problema', 'el caribe', 'exhorto', 'américa', 'nación', '→', 'cambio', 'objetivo', 'solución', 'primer', 'desempleo', 'escala', 'milenio', 'ministro', 'problema', 'pandemia', '→', 'primer', 'política', 'ministro', 'problema', 'programa', 'pueblo', 'desarrollo', 'primer', 'cumbre→', 'ministro', 'presidente', 'juan antonio biceño', 'hospitalidad', 'necesidad', 'cambio', 'primer', 'desastre', 'ministro', 'desafío', 'juan antonio biceño', 'consecuencia', 'solidaridad', 'frente', 'cambio', 'ministro', 'semana', 'incertidumbre', 'gabinete', 'presidente']"
7,vacuna,"['brasileño', 'eficacia', 'mayoría', 'vacuna', 'jair bolsonaro', 'nueva york', 'asamblea general de naciones unidas', 'mundo', 'homólogo', 'diferencia', 'onu', 'bolsonaro', 'vacuna', 'covid', 'martes', 'nueva york', 'honor', 'sesión', 'líder', 'orador', 'presidente', 'código', 'prueba', 'decisión', 'medida', 'población', 'desconcierto', 'vacuna', 'detalle', 'médico', 'dosis', 'freno', 'viernes', 'persona', 'comité', 'vacuna', 'fda', 'dosis', 'por qué para los más vulnerables', 'persona', 'pfizer', 'experto', 'vacuna', 'fda', 'refuerzo', 'solo', 'razón', 'importación', 'uso', 'vacuna', 'centro de ingeniería genética y biotecnología de', 'autoridad', 'salud', 'aporte', 'vacuna', 'apoyo', 'compromiso', 'declaración', 'producción', 'reactivación', 'bolivia', 'acceso', 'presidente', 'vacuna', 'distribución', 'sábado', 'producción', 'disposición', 'presidente', 'adquisición', 'compra', 'distinción', 'vacuna', 'sistema', 'clase', 'covax', 'bolivia', 'vacunación', 'vacuna', 'distribución', 'sábado', 'producción', 'disposición', 'presidente', 'gracias', 'objetivo', 'cooperación', 'vacuna', 'envío', 'ejemplo', 'plan', 'entidad', 'plazo', 'secretaria ejecutiva de la cepal alicia bárcena', 'vacuna', 'nivel', 'importancia', 'reconocimiento mutuo', 'corto', 'obtención', 'plan', 'plazo', 'vacuna', 'secretaria ejecutiva de la cepal alicia bárcena', 'corto', 'plan', 'secretario general de la', 'onu', 'equipo', 'covid-19', 'vacuna', 'emergencia', 'socio', 'país', 'herramienta', 'acceso', 'vacunación', 'secretario general de la', 'onu', 'desigualdad', 'vacuna', 'distribución', 'américa latina', 'caribe', 'país', 'acceso', 'plan', 'vacuna', 'alicia bárcena', 'importancia', 'pandemia', 'secretaria ejecutiva de la cepal', 'acceso', 'ministro de agricultura', 'forma', 'covid-19', 'papel', 'vacuna', 'celac', 'pobreza', 'desafío', 'peter david', 'crisis', '→', 'esfuerzo', 'ministro de agricultura', 'covid-19', 'vacuna', 'distribución', 'celac', 'región', 'producción', 'peter david', '→', 'covid-19', 'vacuna', 'canciller', 'distribución', 'particular', 'amery brown', 'país', 'reunión', '→', 'esfuerzo', 'libro', 'covid-19', 'denis moncada', 'canciller', 'vacuna', 'coronavirus', 'favor', 'acceso', 'patente', '→', 'manera', 'barbados', 'gobiernos', 'fenómeno', 'recurso', 'vacuna', 'magnitud', 'pandemia', 'ministro de relaciones exteriores de', 'jerome walcott', 'ministro de santa lucía philip joseph pierre', 'primer', 'vacuna', 'apoyo', 'anti-covid', 'cuba', 'pandemia→', 'tema', 'plan', 'cambio', 'énfasis', 'guatemala', 'vacuna', 'alimentación', 'climáticos→', 'pueblo', 'nación', 'presidente', 'compra', 'precise medicine', 'policía federal', 'allanamiento', 'vacuna', 'tipo', 'sede', 'empresa', 'existencia', 'the', 'vacuna', 'pese', 'colaboración']"
8,méxico,"['por @ap', 'relación', 'méxico', 'estados unidos', 'petición', 'crítica', 'región', 'cumbre de la celac', 'oea', 'méxico', 'celac', 'sorpresa', 'cumbre', 'ausencia', 'nicolás maduro', 'objetivo', 'vi cumbre', 'latininoamericana', 'méxico', 'ciudad de méxico', 'izquierda', 'región', 'reunión', 'miguel díaz-canel', 'organismo', 'amlo', 'oea', 'presidente', 'ortega', 'en nicaragua', 'méxico', 'espaldarazo', 'díaz-canel', 'venezuela', 'rafael rojas', 'régimen', 'disenso', 'distensión', 'pesar', 'iztapalapa', 'estigma', 'mirada', 'proyecto', 'ciudad', 'forma', 'año', 'méxico', 'experiencia', 'través', 'colonia', 'violencia', 'alcaldía', 'arte', 'nicolás maduro', 'viernes', 'el presidente venezolano', 'méxico', 'noche', 'sorpresa', 'cumbre', 'hora', 'consenso', 'foro', 'méxico', 'propuesta', 'ministro', 'estoy seguro', 'vicepresidenta', 'presidente', 'mercado', 'mano', 'obra', 'canadá', 'continente', 'méxico', 'recurso', 'eeuu', 'américa', 'presidente', 'tratado', 'mercado', 'canadá', 'méxico', 'eeuu', 'continente', 'presidente', 'tratado', 'canadá', 'relación', 'ideal', 'respeto', 'méxico', 'unión europea', 'celac', 'eeuu', 'presidente', 'soberanía', 'frontera', 'méxico', 'trump', 'instrumento', 'título 42', 'biden', 'crisis']"
9,nación,"['república federal de centroamérica', 'millón', 'habitante', 'nación', 'la nueva españa', 'época', 'nación', 'siglo', 'través', 'panamá', 'diferencia', 'istmo', 'nación', 'agradezco', 'desarrollo', 'intervencionismo', 'respaldo', 'estados unidos', 'cuba', 'bloqueo', 'nación', 'presidente', 'manera', 'objetivo', 'representante', 'san cristóbal', 'ejemplo', 'nación', 'juegos olímpicos', 'nieves everson hull', '→', 'haití', 'ministro de asuntos', 'pueblo', 'terremoto', 'nación', 'integración', 'caribe→', 'primer', 'búsqueda', 'persistencia', 'nación', 'ministro de san vicente y las granadinas ralph gonsalves', 'lider', 'latina', '→', 'solución', 'primer', 'ministro', 'problema', 'el caribe', 'exhorto', 'américa', 'nación', '→', 'noviembre', 'proceso', 'presidente', 'elección', 'parte', 'nación', 'momento', 'mano', 'difíciles→', 'presidente', 'pueblo', 'nación', 'unión', 'fuerza→', 'problema', 'presidente', 'pueblo', 'raíz', 'américa latina y el caribe', 'conjunto', 'nación', 'plan', 'cambio', 'énfasis', 'guatemala', 'vacuna', 'alimentación', 'climáticos→', 'pueblo', 'nación', 'presidente', 'cambio', 'naciones →', 'unión', 'salud', 'economía', 'solidaridad', 'nación', 'presidente', 'plan', 'gracias', '→', 'cooperación', 'cumplimiento', 'gestión', 'vacunación', 'éxito', 'nación', 'presidente', 'bloqueo', 'unión', 'intento', 'presidente', 'pesar', 'solo', 'nación', 'estabilidad', 'deseo', 'agradecimiento', 'presidente', 'nación', 'derecho', 'distinción', 'bien', 'alguna→', 'presidente', 'salud', 'nación', 'mas', 'naciones →', 'muestra', 'compromiso', 'declaración', 'día', 'nivel', 'confianza', 'presidente', 'país', 'nación', 'reunión', 'baqaei', 'representante', 'juicio', 'hamaneh', 'sanción', 'ginebra esmaeil', 'organización', 'teherán', 'nación']"
10,unión,"['paraguay', 'unión', 'celac', 'pueblo', 'vocación', 'oea', 'presidente', 'pueblo', 'guatemala', 'fortalecimiento', 'estadio', 'unión', 'multilateralismo', 'presidente', 'integración', 'pueblo', 'unión', 'democracia', 'institucionalidad', 'favor', 'promoción', 'presidente', 'unión', 'necesidad', 'pandemia', 'sentimiento', 'integración', 'pueblo', 'unión', 'democracia', 'institucionalidad', 'favor', 'promoción', 'presidente', 'voz', '→', 'relaciones', 'kamina johnson smith', 'ministra', 'caribe', 'latinoamérica', 'unión', 'jamaica', 'reunión', 'unión', 'fuerza→', 'problema', 'presidente', 'pueblo', 'raíz', 'américa latina y el caribe', 'conjunto', 'nación', 'cambio', 'naciones →', 'unión', 'salud', 'economía', 'solidaridad', 'nación', 'presidente', 'bloqueo', 'unión', 'intento', 'presidente', 'pesar', 'solo', 'nación']"
11,secretaria ejecutiva de la cepal alicia bárcena,"['plan', 'red', 'exterior', 'capacidad', 'secretaria ejecutiva de la cepal alicia bárcena', 'laboratorio', 'ensayo', 'línea', 'universidad', 'patrocinador', 'plan', 'entidad', 'plazo', 'secretaria ejecutiva de la cepal alicia bárcena', 'vacuna', 'nivel', 'importancia', 'reconocimiento mutuo', 'corto', 'obtención', 'plan', 'plazo', 'vacuna', 'secretaria ejecutiva de la cepal alicia bárcena', 'corto', 'país', 'secretaria ejecutiva de la cepal alicia bárcena', 'atención primaria', 'desarrollo', 'aporte', 'plan sanitaria', 'secretaria ejecutiva de la cepal alicia bárcena', 'celac', 'cepal']"
12,persona,"['año', 'mundo', 'enfermedad', 'persona', 'qanon me arrebató', 'momento', 'persona', 'persona', 'héroe', 'heroína', 'la de la monja catalina de erauso', 'hazaña', 'mujer', 'persona', 'matrimonio', 'hombre', 'país', 'persona', 'ejercicio', 'persona', 'héroe', 'heroína', 'la de la monja catalina de erauso', 'hazaña', 'cadena', 'presencia', 'persona', 'error', 'fuerzas armadas', 'cnn', 'agosto', 'eeuu', 'gs', 'segundo', 'retiro', 'medida', 'persona', 'fiscal', 'tercio', 'poder', '/cc', 'purga', 'concentración', 'juez', 'decreto', 'presidente', 'miércoles', 'luna', 'el salvador', 'persona', 'millón', 'fin', 'manifestación', 'país', 'miel', 'presidente', 'nayib bukele', 'bandera', 'grito', 'barrio de chueca', 'persona', 'grupo', 'tarde', 'juventud nacional', 'sábado', 'españa', 'madrileño', 'calle', 'ultraderecha', 'ideología', 'miércoles', 'luna', 'el salvador', 'persona', 'millón', 'fin', 'manifestación', 'país', 'miel', 'presidente', 'nayib bukele', 'afganistán', 'persona', 'evacuación', 'terrorismo', 'estados unidos', 'desafío', 'pakistán', 'talibán', 'crisis', 'afganistán', 'kabul', 'persona', 'este', 'atentado', 'agosto', 'veintena', 'explosivo', 'aeropuerto', 'ataque', 'jalalabad', 'persona', 'orden', 'salida', 'eeuu', 'la abogada', 'deportación', 'enfrentamiento', 'persona', 'enero', 'insurrección', 'decena', 'sábado', 'capitolio', 'frente', 'policía', 'detalle', 'persona', 'población', 'grupo', 'seguro', 'fenómeno', 'latino', 'censo', 'acceso', 'viernes', 'persona', 'comité', 'vacuna', 'fda', 'dosis', 'por qué para los más vulnerables', 'límite', 'ciudad', 'persona', 'frontera', 'haití', 'eeuu', 'condición', 'lado', 'migrant', 'llegada', 'persona', 'pfizer', 'experto', 'vacuna', 'fda', 'refuerzo', 'solo', 'razón', 'desarrollo', 'persona', 'participante', 'seguidor', 'trump', 'expresidente', 'zona', 'cantidad', 'manifestación', 'feligrés', 'persona', 'sacerdote', 'fiesta', 'aportación', 'estupefaciente', 'persona', 'acto', 'incidente', 'altercado', 'puñal', 'quiz', 'persona', 'semana', 'noticia', 'prueba', 'ponte', 'defensa', 'reto', 'mes', 'persona', 'seguridad', 'congreso de eeuu', 'ataque', 'detenido', 'asalto', 'sede', 'capitolio', 'edificio']"
13,plan,"['texas', 'plan', 'medio', 'administración', 'sur', 'haitiano', 'fuente', 'marcha', 'domingo', 'biden', 'deportación', 'migrant', 'llegada', 'texas', 'plan', 'medio', 'administración', 'sur', 'haitiano', 'fuente', 'marcha', 'domingo', 'biden', 'deportación', 'migrant', 'llegada', 'plan', 'distrito de', 'cambio', 'proyecto', 'nacho cano', 'pirámide', 'ocio', 'cultura', 'metro', 'madrid', 'carpa', 'hortaleza', 'plan', 'red', 'exterior', 'capacidad', 'secretaria ejecutiva de la cepal alicia bárcena', 'laboratorio', 'ensayo', 'línea', 'universidad', 'patrocinador', 'plan', 'entidad', 'plazo', 'secretaria ejecutiva de la cepal alicia bárcena', 'vacuna', 'nivel', 'importancia', 'reconocimiento mutuo', 'corto', 'obtención', 'plan', 'plazo', 'vacuna', 'secretaria ejecutiva de la cepal alicia bárcena', 'corto', 'plan', 'secretario general de la', 'onu', 'equipo', 'covid-19', 'vacuna', 'emergencia', 'socio', 'país', 'herramienta', 'acceso', 'vacunación', 'plan', 'vacuna', 'alicia bárcena', 'importancia', 'pandemia', 'secretaria ejecutiva de la cepal', 'acceso', 'plan', 'ministro de agricultura', 'país', 'peter david', 'celac →', 'plan', 'cambio', 'énfasis', 'guatemala', 'vacuna', 'alimentación', 'climáticos→', 'pueblo', 'nación', 'presidente', 'plan', 'gracias', '→', 'cooperación', 'cumplimiento', 'gestión', 'vacunación', 'éxito', 'nación', 'presidente']"
14,américa latina,"['república federal de centroamérica', 'economía', 'caribe', 'américa latina', 'partir', '2022', 'año', 'el crecimiento del pib para la región', 'américa latina', '2021', 'rebote', '2020', 'contracción', 'nicolás maduro', 'página', 'acoso', 'américa latina', 'revolución', 'divisionismo', 'momento', 'discurso', 'acción', 'relación', 'discriminación', 'américa latina', 'mundo', 'presidente', 'país', 'perú', 'integración', 'necesidad', 'celac', 'américa latina', 'presidente', 'fondo', 'adversidad', 'el caribe', 'tema', 'perú', 'creación', 'año', 'américa latina', 'alicia bárcena', 'caribe', 'ritmo', 'secretaria ejecutiva de la cepal', 'secretario general de la', 'onu', 'desigualdad', 'vacuna', 'distribución', 'américa latina', 'caribe', 'país', 'acceso', 'multinacionalismo', 'paz', 'estado de derecho', 'américa latina', 'republica de surinam', 'el caribe', 'presidente', 'integración', '→', 'género', 'respeto', 'protección', 'américa latina', 'igualdad', 'tarea', 'pueblo', 'el caribe', 'presidente', 'américa latina', 'importancia', 'pueblo', 'el caribe', 'presidente', 'gobiernos→', 'integración', 'ideal', 'américa latina', 'la celac', 'las naciones', 'instrumento', 'país', 'el caribe', 'presidente']"
15,tema,"['estrategia', 'vi cumbre de la celac', 'pandemia', 'latinoamérica', 'crisis', 'tema', 'integración', 'necesidad', 'celac', 'américa latina', 'presidente', 'fondo', 'adversidad', 'el caribe', 'tema', 'perú', 'creación', 'ddhh', 'droga', 'seguridad', 'ods', 'democracia', 'celac', 'cumplimiento', 'lucha', 'presidente', 'corrupción', 'tema', 'perú', 'estrategia', 'vi cumbre de la celac', 'pandemia', 'latinoamérica', 'crisis', 'tema', 'estrategia', 'vi cumbre de la celac', 'pandemia', 'latinoamérica', 'crisis', 'tema', 'ministra de relaciones exteriores de panamá erika mouynes', 'pandemia', 'tema', 'manera', 'forma', 'celac', 'vicepresidente', 'salvador', 'sede', 'instancia', 'tema', 'ministro de santa lucía philip joseph pierre', 'primer', 'vacuna', 'apoyo', 'anti-covid', 'cuba', 'pandemia→', 'tema', 'necesidad', 'integración', 'solucionar→', 'américa latina y el caribe', 'tema', 'presidente']"
16,migrant,"['texas', 'julio', 'republicano', 'mayoría', 'haití', 'ee uu', 'haitiano', '/oh', 'situación', 'biden', 'deportación', 'crisis', 'migrant', 'localidad', 'aprieto', 'frontera', 'mayoría', 'haití', 'puente', 'gobierno', 'crisis', 'migrant', 'horario', 'puerta', 'cámara', 'rr', 'rayos', 'isla', 'alambrado', 'fila', 'acceso', 'x', 'migrant', 'centro', 'texas', 'plan', 'medio', 'administración', 'sur', 'haitiano', 'fuente', 'marcha', 'domingo', 'biden', 'deportación', 'migrant', 'llegada', 'texas', 'plan', 'medio', 'administración', 'sur', 'haitiano', 'fuente', 'marcha', 'domingo', 'biden', 'deportación', 'migrant', 'llegada', 'texas', 'medio', 'regreso', 'washington', 'origen', 'ee uu', 'sur', 'haitiano', 'vuelo', 'domingo', 'país', 'migrant', 'texas', 'del río', 'caravana', 'campamento', 'coahuila méxico', 'migrant', 'coahuila', 'texas', 'ee uu', 'autoridad', 'campamento', 'puente internacional de del río', 'migrant', 'diario', 'país', 'travesía', 'migrant', 'comida', 'ciudad acuña', 'trabajo', 'falta', 'desesperación', 'haitiano', 'migrant', 'inmigrante', 'frontera', 'condición', 'migrant', 'agente', 'mujer', 'california', 'el chaparral', 'frontera', 'visa', 'cocina', 'heroína', 'tijuana', 'familia', 'campamento', 'migrant', 'límite', 'ciudad', 'persona', 'frontera', 'haití', 'eeuu', 'condición', 'lado', 'migrant', 'llegada', 'ciudadano', 'objetivo', 'frontera', 'gobierno', 'organización', 'situación', 'migrant', 'ciudadano', 'objetivo', 'frontera', 'gobierno', 'organización', 'situación', 'migrant', 'mayoría', 'niño', 'día', 'el alcalde de del río texas roberto de los santos', 'migrant', 'solo', 'coahuila', 'ciudad', 'frontera', 'estado', 'sur', 'allende', 'tamaulipas', 'reynosa matamoros', 'nuevo laredo', 'migrant', 'llegada', 'mujer', 'estas', 'asesinato', 'rescate', 'semana', 'migrant']"
17,vida,"['muriel gardiner', 'película', 'vida', 'heredera', 'nazismo', 'oscar', 'odio', 'mitad', 'parásito', 'vida', 'experiencia', 'explotador', 'lenguaje', 'secta', 'vida', 'área', 'hijo', 'asesinato', 'seguro', 'vida', 'abogado', 'hijo', 'asesinato', 'seguro', 'vida', 'abogado', 'selva', 'frontera', 'mayoría', 'travesía', 'tapón del darién', 'vida', '/cc', 'desafío', 'trabajo', 'preso', 'escuela', 'vida', 'cubano', 'liberación', '/cc', 'organizadores', 'pueblo', 'injusticia', 'octubre', 'escritor', 'hombre', 'vida', 'gobierno', 'expresidente', 'ensayo', 'resultado', 'zapatero', 'borges', 'literatura', 'director', 'forja', 'clásico', 'vida', 'acta', 'través', 'mario camus', 'españa', 'los santos inocentes', 'jacinta', 'cine', 'maestro', 'televisión', 'fortunata', 'serie', 'la colmena', 'estilo', 'objetivo', 'vida', 'inmunización', 'pandemia', 'interés', 'bolivia', 'patente', 'presidente', 'unidad', 'integración', '→', 'libertad', 'denis moncada', 'canciller', 'vida', 'celac']"
18,cambio,"['cambio', 'mensaje', 'quiebre', 'resultado', 'vicepresidenta', 'consecuencia', 'presidente', 'cambio', 'medida', 'china', 'objetivo', 'estrategia', 'experto', 'política', 'acuerdo', 'funcionario', 'pese', 'región', 'aukus', 'mujer', 'cambio', 'migración', 'hombre', 'impacto', 'cambio', 'marido', 'manglar', 'mundo', 'bosque', 'impacto', 'cambio', 'año', 'grano', 'sequía', 'próximo', 'café', 'suministro', 'brasil', 'una ola de frío', 'plan', 'distrito de', 'cambio', 'proyecto', 'nacho cano', 'pirámide', 'ocio', 'cultura', 'metro', 'madrid', 'carpa', 'hortaleza', 'cambio', 'cristina kirchner', 'domingo', 'derrota', 'ministro', 'gobierno', 'exigencia', 'elección', 'cambio', 'medida', 'prevención', 'intercambio', 'información', 'tragedia', 'experiencia', 'honduras', 'presidente', 'centro', 'cambio', 'ministro', 'semana', 'incertidumbre', 'gabinete', 'presidente', 'cambio', 'vi cumbre de la celac', 'resultado', 'fondo', 'conferencia del secretario de relaciones exteriores de méxico', 'cambio', 'europeo', 'historia', 'generación', 'pandemia', 'precedente', 'consejo', 'humanidad', 'lado', 'charles michel', 'presidente', 'cambio', 'ministro', 'semana', 'incertidumbre', 'gabinete', 'presidente', '→', 'cambio', 'objetivo', 'solución', 'primer', 'desempleo', 'escala', 'milenio', 'ministro', 'problema', 'pandemia', 'necesidad', 'cambio', 'primer', 'desastre', 'ministro', 'desafío', 'juan antonio biceño', 'consecuencia', 'solidaridad', 'frente', 'cambio', 'prevención', 'propuesta', 'víctima', 'responsable', 'climático→', 'centro', 'hincapié', 'presidente', 'creación', 'plan', 'cambio', 'énfasis', 'guatemala', 'vacuna', 'alimentación', 'climáticos→', 'pueblo', 'nación', 'presidente', 'cambio', 'naciones →', 'unión', 'salud', 'economía', 'solidaridad', 'nación', 'presidente', 'cambio', 'ministro', 'semana', 'incertidumbre', 'gabinete', 'presidente']"
19,región,"['relación', 'venezuela cuba', 'sábado', 'celac', 'eeuu', 'cumbre', 'gobierno', 'crítica', 'líder', 'exigencia', '@fisanchezn', 'región', 'oea', 'nicaragua', 'nicolás maduro', 'mandatario', 'presencia', 'relación', 'ciudad de méxico', 'estados unidos', 'petición', 'crítica', 'cuestionamiento', 'debate', 'región', 'cumbre de la celac', 'oea', 'por @ap', 'relación', 'méxico', 'estados unidos', 'petición', 'crítica', 'región', 'cumbre de la celac', 'oea', 'disminución', 'contagio', 'mundo', 'actualidad', 'caso', 'región', 'sudamérica', 'clave', 'china', 'indo-pacífica', 'paz', 'estabilidad', 'carrera', 'región', 'forma', 'junio', 'finales', 'región', 'contagio', 'mundo', 'zona', 'pandemia', 'cifra', 'cambio', 'medida', 'china', 'objetivo', 'estrategia', 'experto', 'política', 'acuerdo', 'funcionario', 'pese', 'región', 'aukus', 'brote', 'información', 'experto', 'rr', 'gigante', 'importancia', 'peste', 'amenaza', 'país', 'región', 'vecino', 'nicolás maduro', 'objetivo', 'vi cumbre', 'latininoamericana', 'méxico', 'ciudad de méxico', 'izquierda', 'región', 'reunión', 'miguel díaz-canel', 'organismo', 'amlo', 'oea', 'presidente', 'desarrollo', 'técnica', 'innovación', 'áfrica occidental', 'agricultura', 'proyecto wagrinnova', 'laura feal', 'región', 'regadío', 'unidad', 'vi cumbre de la celac', 'mensaje', 'propuesta', 'unión europea', 'colectividad', 'región', 'presidente', 'unidad', 'vi cumbre de la celac', 'mensaje', 'propuesta', 'unión europea', 'colectividad', 'región', 'presidente', 'unidad', 'vi cumbre de la celac', 'mensaje', 'propuesta', 'unión europea', 'colectividad', 'región', 'presidente', 'momento', 'subsecretario de relaciones económicas de', 'cumbre', 'ayuda', 'diversidad', 'región', 'rodrigo yáñez benítez', 'contexto', '→', 'esfuerzo', 'ministro de agricultura', 'covid-19', 'vacuna', 'distribución', 'celac', 'región', 'producción', 'peter david', 'mecanismo', 'integración', 'canciller', 'caribe', 'latinoamérica', 'kamina jonhson smith', 'región', 'ministra de relaciones exteriores de panamá erika mouynes', 'ayuda', 'región', 'migración', 'mundo', 'senado de república dominicana', 'región', 'multilaterismo', 'resto', 'presidente', 'directo', 'contagiados 227713688 fallecidos 4680398', 'información', 'región', 'avance', 'mundo', 'pandemia', 'reporte']"
20,eeuu,"['relación', 'venezuela cuba', 'sábado', 'celac', 'eeuu', 'cumbre', 'gobierno', 'crítica', 'líder', 'exigencia', '@fisanchezn', 'región', 'oea', 'nicaragua', 'cadena', 'presencia', 'persona', 'error', 'fuerzas armadas', 'cnn', 'agosto', 'eeuu', 'gs', 'segundo', 'foro', 'cara', 'celac', 'eeuu', 'alternativa', 'américa latina lo', 'instrumento', 'país', 'oea', 'persona', 'orden', 'salida', 'eeuu', 'la abogada', 'deportación', 'del río', 'eeuu', 'haitiano', 'domingo', 'paso', 'deportación', 'crisis', 'ceremonia', 'decena', 'eeuu', 'día de la ciudadanía', 'país', 'límite', 'ciudad', 'persona', 'frontera', 'haití', 'eeuu', 'condición', 'lado', 'migrant', 'llegada', 'mercado', 'mano', 'obra', 'canadá', 'continente', 'méxico', 'recurso', 'eeuu', 'américa', 'presidente', 'tratado', 'mercado', 'canadá', 'méxico', 'eeuu', 'continente', 'presidente', 'tratado', 'canadá', 'relación', 'ideal', 'respeto', 'méxico', 'unión europea', 'celac', 'eeuu', 'presidente', 'soberanía', 'desarrollo', 'medida', 'denis moncada', 'canciller', 'eeuu', 'pueblo', 'denis moncada', 'canciller', 'celac', 'eeuu', 'intento', 'cuba venezuela', 'país', 'imperio', 'afganistán', 'pentágono', 'error', 'adulto', 'eeuu', 'ataque', 'paraguay', 'maduro', 'millón', 'recompensa', 'ciudad de méxico', 'celac', 'eeuu', 'venezuela', 'cumbre', 'gobierno', 'gobernante', 'uruguay', 'dólares', 'participación']"
21,forma,"['forma', 'junio', 'finales', 'región', 'contagio', 'mundo', 'zona', 'pandemia', 'cifra', 'cacería', 'cetáceo', 'forma', 'islas feroe', 'nivel', 'manada', 'menudo', 'iztapalapa', 'estigma', 'mirada', 'proyecto', 'ciudad', 'forma', 'año', 'méxico', 'experiencia', 'través', 'colonia', 'violencia', 'alcaldía', 'arte', 'forma', 'año', 'estatus', 'la abogada', 'país', 'esposa', 'ministro de agricultura', 'forma', 'covid-19', 'papel', 'vacuna', 'celac', 'pobreza', 'desafío', 'peter david', 'crisis', 'forma', 'celac', 'vicepresidente', 'salvador', 'sede', 'instancia', 'tema']"
22,desarrollo,"['desarrollo', 'técnica', 'innovación', 'áfrica occidental', 'agricultura', 'proyecto wagrinnova', 'laura feal', 'región', 'regadío', 'agradezco', 'desarrollo', 'intervencionismo', 'respaldo', 'estados unidos', 'cuba', 'bloqueo', 'nación', 'presidente', 'desarrollo', 'aporte', 'plan sanitaria', 'secretaria ejecutiva de la cepal alicia bárcena', 'celac', 'cepal', 'desarrollo', 'medida', 'denis moncada', 'canciller', 'eeuu', 'pueblo', 'desarrollo', 'alianza', 'senado de república dominicana', 'república dominicana', 'fondo', 'presidente', 'creación', 'desarrollo', 'primer', 'cumbre→', 'ministro', 'presidente', 'juan antonio biceño', 'hospitalidad', 'diálogo', 'desarrollo', 'camino', 'paz', 'apoyo', 'venezuela', 'gobierno', 'oposiciones→', 'presidente', 'desarrollo', 'gobierno de la celac →', 'vi cumbre de jefes de estado', 'desarrollo', 'persona', 'participante', 'seguidor', 'trump', 'expresidente', 'zona', 'cantidad', 'manifestación']"
23,integración,"['integración', 'sistema', 'divisa', 'país', 'masa', 'beneficio', 'integración', 'necesidad', 'celac', 'américa latina', 'presidente', 'fondo', 'adversidad', 'el caribe', 'tema', 'perú', 'creación', 'integración', 'comercio', 'política', 'latinoamérica', 'ecuador', 'europa', 'presidente', 'tratado', 'integración', 'presidente', 'ecuador', 'evento', 'diferencia', 'integración', 'pueblo', 'unión', 'democracia', 'institucionalidad', 'favor', 'promoción', 'presidente', 'integración', 'relación', 'iv', 'cumbre', 'instrumento', 'país', 'el caribe', 'integración', 'pueblo', 'unión', 'democracia', 'institucionalidad', 'favor', 'promoción', 'presidente', 'unidad', 'integración', '→', 'libertad', 'denis moncada', 'canciller', 'vida', 'celac', 'mecanismo', 'integración', 'canciller', 'caribe', 'latinoamérica', 'kamina jonhson smith', 'región', 'integración', 'miembro', 'ministro de santa lucía philip joseph pierre', 'primer', 'plataforma', 'sistema', 'interés', 'multilateral→', 'integración', 'caribe→', 'primer', 'búsqueda', 'persistencia', 'nación', 'ministro de san vicente y las granadinas ralph gonsalves', 'necesidad', 'integración', 'solucionar→', 'américa latina y el caribe', 'tema', 'presidente', 'integración', '→', 'género', 'respeto', 'protección', 'américa latina', 'igualdad', 'tarea', 'pueblo', 'el caribe', 'presidente', 'integración', 'ciudadano', 'caribe→', 'futuro', 'parte', 'presidente', 'integración', 'ideal', 'américa latina', 'la celac', 'las naciones', 'instrumento', 'país', 'el caribe', 'presidente']"
24,sur,"['texas', 'plan', 'medio', 'administración', 'sur', 'haitiano', 'fuente', 'marcha', 'domingo', 'biden', 'deportación', 'migrant', 'llegada', 'texas', 'plan', 'medio', 'administración', 'sur', 'haitiano', 'fuente', 'marcha', 'domingo', 'biden', 'deportación', 'migrant', 'llegada', 'texas', 'medio', 'regreso', 'washington', 'origen', 'ee uu', 'sur', 'haitiano', 'vuelo', 'domingo', 'país', 'migrant', 'población', 'estado', 'sur', 'gobierno', 'vuelo', 'campamento', 'serie', 'población', 'estado', 'sur', 'gobierno', 'vuelo', 'campamento', 'serie', 'población', 'estado', 'sur', 'gobierno', 'vuelo', 'campamento', 'serie', 'población', 'estado', 'sur', 'gobierno', 'vuelo', 'campamento', 'serie', 'coahuila', 'ciudad', 'frontera', 'estado', 'sur', 'allende', 'tamaulipas', 'reynosa matamoros', 'nuevo laredo', 'migrant', 'llegada']"
25,centroamérica,"['territorio', 'centroamérica', 'base', 'comercio', 'importancia', 'españa', 'panamá', 'resto', 'diferencia', 'centroamérica', 'país', 'sueño', 'año', 'centroamérica', 'miércoles', 'independencia', 'plan marshall', 'este', 'centroamérica', 'gobiernos nosotros', 'organismo', 'presentación', 'cepal', 'secretaria', 'el salvador', 'año', 'centroamérica', 'anciano', 'independencia']"
26,ministra de relaciones exteriores de panamá erika mouynes,"['mujer', 'género', 'pueblo', 'problema', 'pandemia', 'progreso', 'ministra de relaciones exteriores de panamá erika mouynes', 'equidad', 'ministra de relaciones exteriores de panamá erika mouynes', 'ayuda', 'región', 'migración', 'ministra de relaciones exteriores de panamá erika mouynes', 'pandemia', 'tema', 'manera']"
27,el caribe,"['integración', 'necesidad', 'celac', 'américa latina', 'presidente', 'fondo', 'adversidad', 'el caribe', 'tema', 'perú', 'creación', 'integración', 'relación', 'iv', 'cumbre', 'instrumento', 'país', 'el caribe', 'lider', 'latina', '→', 'solución', 'primer', 'ministro', 'problema', 'el caribe', 'exhorto', 'américa', 'nación', 'multinacionalismo', 'paz', 'estado de derecho', 'américa latina', 'republica de surinam', 'el caribe', 'presidente', 'integración', '→', 'género', 'respeto', 'protección', 'américa latina', 'igualdad', 'tarea', 'pueblo', 'el caribe', 'presidente', 'américa latina', 'importancia', 'pueblo', 'el caribe', 'presidente', 'gobiernos→', 'integración', 'ideal', 'américa latina', 'la celac', 'las naciones', 'instrumento', 'país', 'el caribe', 'presidente']"
28,entrevista,"['entrevista', 'presidente', 'entrevista', 'horario', 'prevención', 'suicidio', 'sábado', 'programa', 'ssa', 'ubica', 'parte', 'dra pamela espinosa méndez', 'entrevista', 'horario', 'prevención', 'suicidio', 'sábado', 'programa', 'ssa', 'ubica', 'parte', 'dra pamela espinosa méndez', 'entrevista', 'horario', 'prevención', 'suicidio', 'sábado', 'programa', 'ssa', 'ubica', 'parte', 'dra pamela espinosa méndez', 'entrevista', 'rol', 'institución', 'canal', 'opep', 'mohammad barkind', 'evolución', 'secretario', 'entrevista', 'horario', 'prevención', 'suicidio', 'sábado', 'programa', 'ssa', 'ubica', 'parte', 'dra pamela espinosa méndez']"
29,el salvador,"['miércoles', 'luna', 'el salvador', 'persona', 'millón', 'fin', 'manifestación', 'país', 'miel', 'presidente', 'nayib bukele', 'miércoles', 'luna', 'el salvador', 'persona', 'millón', 'fin', 'manifestación', 'país', 'miel', 'presidente', 'nayib bukele', 'bukele', 'distorsión', 'enemigo', 'el salvador', 'etapa', 'aire', 'virulencia', 'demonización', 'calle', 'palabra', 'oposición', 'sensación', 'creación', 'el salvador', 'matrimonio', 'propuesta', 'aborto', 'reforma', 'eutanasia', 'presidente', 'el salvador', 'año', 'centroamérica', 'anciano', 'independencia']"
30,latinoamérica,"['evergrande', 'ferrocarril', 'peligro', 'bancarrota', 'noticia', 'gigante', 'borde', 'latinoamérica', 'semana', 'amazonas', 'protestas', 'el salvador línea', 'ambientalista', 'estrategia', 'vi cumbre de la celac', 'pandemia', 'latinoamérica', 'crisis', 'tema', 'integración', 'comercio', 'política', 'latinoamérica', 'ecuador', 'europa', 'presidente', 'tratado', 'estrategia', 'vi cumbre de la celac', 'pandemia', 'latinoamérica', 'crisis', 'tema', 'estrategia', 'vi cumbre de la celac', 'pandemia', 'latinoamérica', 'crisis', 'tema', 'voz', '→', 'relaciones', 'kamina johnson smith', 'ministra', 'caribe', 'latinoamérica', 'unión', 'jamaica', 'reunión', 'mecanismo', 'integración', 'canciller', 'caribe', 'latinoamérica', 'kamina jonhson smith', 'región', 'nacionalismo', 'vacunas→', 'caribe', 'latinoamérica', 'mohamed irfaan ali', 'víctima', 'presidente']"
31,mes,"['emperador', 'mes', 'año', 'diciembre', 'majestad', 'puyi', 'mes', '2014', 'año', 'calendario', 'comienzo', 'emperador', 'mes', 'año', 'diciembre', 'majestad', 'puyi', 'texas', 'río grande', 'mes', 'año', 'bebé', 'autoridad', 'niña', 'bordo', 'mes', 'nave', 'estación', 'construcción', 'astronauta', 'misión', 'duración', 'partir', 'mes', 'alberto fernández', 'salario', 'presidente', 'defensa', 'reto', 'mes', 'persona', 'seguridad', 'congreso de eeuu', 'ataque', 'detenido', 'asalto', 'sede', 'capitolio', 'edificio']"
32,relación,"['relación', 'venezuela cuba', 'sábado', 'celac', 'eeuu', 'cumbre', 'gobierno', 'crítica', 'líder', 'exigencia', '@fisanchezn', 'región', 'oea', 'nicaragua', 'nicolás maduro', 'mandatario', 'presencia', 'relación', 'ciudad de méxico', 'estados unidos', 'petición', 'crítica', 'cuestionamiento', 'debate', 'región', 'cumbre de la celac', 'oea', 'por @ap', 'relación', 'méxico', 'estados unidos', 'petición', 'crítica', 'región', 'cumbre de la celac', 'oea', 'momento', 'discurso', 'acción', 'relación', 'discriminación', 'américa latina', 'mundo', 'presidente', 'país', 'perú', 'relación', 'vecino', 'interés', 'ecuador', 'presidente', 'canadá', 'relación', 'ideal', 'respeto', 'méxico', 'unión europea', 'celac', 'eeuu', 'presidente', 'soberanía', 'relación', 'apoyo', 'gobierno', 'pandemia', 'caso', 'bolivia', 'integración', 'relación', 'iv', 'cumbre', 'instrumento', 'país', 'el caribe']"
33,economía,"['república federal de centroamérica', 'economía', 'caribe', 'américa latina', 'carne', 'alimento', 'inflación', '2010', 'huevos', 'economía', 'pollo', 'esfuerzo', 'territorio', 'celac', 'presidente', 'financiamiento', 'economía', 'reactivación', 'perú', 'mercado', 'peso', 'libertad', 'futuro', 'ecuador', 'economía', 'presidente', 'mercado', 'peso', 'libertad', 'futuro', 'ecuador', 'economía', 'presidente', 'pueblo', 'economía', 'china', 'planeta', 'hecho', 'celac', 'tiempo', 'día', 'economía', 'presidente', 'cambio', 'naciones →', 'unión', 'salud', 'economía', 'solidaridad', 'nación', 'presidente', 'vía', '→', 'ciudadano', 'peso', 'potencial', 'liberación', 'país', 'economía', 'presidente']"
34,policía,"['pareja', 'busca', 'desaparición', 'pista', 'misterio', 'joven', 'policía', 'camioneta', 'defensa', 'fuego', 'concentración', 'detenido', 'puñal', 'arma', 'capitolio', 'policía', 'detalle', 'enfrentamiento', 'persona', 'enero', 'insurrección', 'decena', 'sábado', 'capitolio', 'frente', 'policía', 'detalle', 'defensa', 'altercado', 'concentración', 'capitolio', 'policía', 'los ángeles', 'ciudad', 'orden', 'covid-19', 'policía', 'vacunación', 'brian laundrie', 'gabby petito', 'policía', 'prometido', 'exjefe', 'seguridad', 'general', 'sometimiento', 'presidencia de', 'mauricio santoyo', 'instancia', 'policía', 'exjefe', 'seguridad', 'general', 'sometimiento', 'presidencia de', 'mauricio santoyo', 'instancia', 'policía', 'exjefe', 'seguridad', 'general', 'sometimiento', 'presidencia de', 'mauricio santoyo', 'instancia', 'policía', 'exjefe', 'seguridad', 'general', 'sometimiento', 'presidencia de', 'mauricio santoyo', 'instancia', 'policía', 'miembro', 'acr', 'busca', 'oficial', 'north port', 'brian laundrie', 'reserva carlton', 'organización', 'policía', 'fbi', 'agente']"
35,democracia,"['ddhh', 'droga', 'seguridad', 'ods', 'democracia', 'celac', 'cumplimiento', 'lucha', 'presidente', 'corrupción', 'tema', 'perú', 'transformación', 'democracia', 'organismo', 'interés', 'pueblo', 'bolivia', 'presidente', 'presidente de bolivia', 'factor', 'protagonismo', 'legitimidad', 'celac', 'injerencia', 'democracia', 'situación', '2010', 'oea', 'integración', 'pueblo', 'unión', 'democracia', 'institucionalidad', 'favor', 'promoción', 'presidente', 'democracia', 'celac', 'injerencia', 'organismo', 'interés', 'oea', 'dictadura', 'derecha', 'democracia', 'demócrata', 'bolivia', 'mandatario', 'democracia', 'intervención', 'temática', 'país', 'integración', 'pueblo', 'unión', 'democracia', 'institucionalidad', 'favor', 'promoción', 'presidente', 'resistencia', 'libertad', 'respeto', 'democracia', 'venezuela', 'revolución', 'presidente', 'estados →', 'necesidad', 'democracia', 'vez', 'organismo', 'contrato', 'contra', 'oea', 'presidente']"
36,objetivo,"['cambio', 'medida', 'china', 'objetivo', 'estrategia', 'experto', 'política', 'acuerdo', 'funcionario', 'pese', 'región', 'aukus', 'nicolás maduro', 'objetivo', 'vi cumbre', 'latininoamericana', 'méxico', 'ciudad de méxico', 'izquierda', 'región', 'reunión', 'miguel díaz-canel', 'organismo', 'amlo', 'oea', 'presidente', 'ciudadano', 'objetivo', 'frontera', 'gobierno', 'organización', 'situación', 'migrant', 'objetivo', 'vida', 'inmunización', 'pandemia', 'interés', 'bolivia', 'patente', 'presidente', 'ciudadano', 'objetivo', 'frontera', 'gobierno', 'organización', 'situación', 'migrant', 'gracias', 'objetivo', 'cooperación', 'vacuna', 'envío', 'ejemplo', 'manera', 'objetivo', 'representante', 'san cristóbal', 'ejemplo', 'nación', 'juegos olímpicos', 'nieves everson hull', 'objetivo', 'representante', 'celac', 'reproductividad', 'san cristóbal', 'nieves everson hull', 'objetivo', 'manera', 'representante', 'política', 'san cristóbal', 'cumbre', 'nieves everson hull', '→', 'cambio', 'objetivo', 'solución', 'primer', 'desempleo', 'escala', 'milenio', 'ministro', 'problema', 'pandemia']"
37,ciudadano,"['cabeza', 'ciudadano', 'realidad', 'espíritu', 'ciudadano', 'objetivo', 'frontera', 'gobierno', 'organización', 'situación', 'migrant', 'ciudadano', 'objetivo', 'frontera', 'gobierno', 'organización', 'situación', 'migrant', 'integración', 'ciudadano', 'caribe→', 'futuro', 'parte', 'presidente', 'vía', '→', 'ciudadano', 'peso', 'potencial', 'liberación', 'país', 'economía', 'presidente']"
38,estados unidos,"['nicolás maduro', 'mandatario', 'presencia', 'relación', 'ciudad de méxico', 'estados unidos', 'petición', 'crítica', 'cuestionamiento', 'debate', 'región', 'cumbre de la celac', 'oea', 'por @ap', 'relación', 'méxico', 'estados unidos', 'petición', 'crítica', 'región', 'cumbre de la celac', 'oea', 'estados unidos', 'pacto', 'inglés', 'acrónimo', 'aukus', 'australia reino unido', 'mar de la china', 'reino unido', 'alianza', 'unión europea', 'estados unidos', 'australia', 'lazo', 'costa', 'afganistán', 'persona', 'evacuación', 'terrorismo', 'estados unidos', 'desafío', 'pakistán', 'talibán', 'crisis', 'agradezco', 'desarrollo', 'intervencionismo', 'respaldo', 'estados unidos', 'cuba', 'bloqueo', 'nación', 'presidente']"
39,unidad,"['unidad', 'vi cumbre de la celac', 'mensaje', 'propuesta', 'unión europea', 'colectividad', 'región', 'presidente', 'unidad', 'vi cumbre de la celac', 'mensaje', 'propuesta', 'unión europea', 'colectividad', 'región', 'presidente', 'unidad', 'vi cumbre de la celac', 'mensaje', 'propuesta', 'unión europea', 'colectividad', 'región', 'presidente', 'unidad', 'integración', '→', 'libertad', 'denis moncada', 'canciller', 'vida', 'celac', 'civilización', 'unidad', 'latinoamericana', 'primer', 'cumbre→', 'importancia', 'caribeña', 'ministro de san vicente y las granadinas ralph gonsalves']"
40,cuba,"['vietnam', 'cuba', 'visita', 'presidente', 'onu', 'medida', 'crisis', 'venezuela', 'mundo', 'cuba', 'fin', 'capricho', 'caso', 'bloqueo', 'país', 'época', 'agradezco', 'desarrollo', 'intervencionismo', 'respaldo', 'estados unidos', 'cuba', 'bloqueo', 'nación', 'presidente', 'iv cumbre de la celac', 'declaración', 'cuba', 'secretario de relaciones exteriores de méxico', 'fin', 'bloqueo', 'ministro de agricultura', 'cuba', 'bloqueo de eeuu', 'peter david', 'rechazo', 'ministro de santa lucía philip joseph pierre', 'primer', 'vacuna', 'apoyo', 'anti-covid', 'cuba', 'pandemia→', 'tema']"
41,general,"['exjefe', 'seguridad', 'general', 'sometimiento', 'presidencia de', 'mauricio santoyo', 'instancia', 'policía', 'exjefe', 'seguridad', 'general', 'sometimiento', 'presidencia de', 'mauricio santoyo', 'instancia', 'policía', 'exjefe', 'seguridad', 'general', 'sometimiento', 'presidencia de', 'mauricio santoyo', 'instancia', 'policía', 'exjefe', 'seguridad', 'general', 'sometimiento', 'presidencia de', 'mauricio santoyo', 'instancia', 'policía']"
42,texas,"['texas', 'grupo', 'preocupación', 'ley', 'ambientalista', 'texas', 'julio', 'republicano', 'mayoría', 'haití', 'ee uu', 'haitiano', '/oh', 'situación', 'biden', 'deportación', 'crisis', 'migrant', 'localidad', 'texas', 'plan', 'medio', 'administración', 'sur', 'haitiano', 'fuente', 'marcha', 'domingo', 'biden', 'deportación', 'migrant', 'llegada', 'texas', 'plan', 'medio', 'administración', 'sur', 'haitiano', 'fuente', 'marcha', 'domingo', 'biden', 'deportación', 'migrant', 'llegada', 'texas', 'medio', 'regreso', 'washington', 'origen', 'ee uu', 'sur', 'haitiano', 'vuelo', 'domingo', 'país', 'migrant', 'texas', 'del río', 'caravana', 'campamento', 'coahuila méxico', 'migrant', 'coahuila', 'texas', 'ee uu', 'autoridad', 'campamento', 'puente internacional de del río', 'migrant', 'texas', 'río grande', 'mes', 'año', 'bebé', 'autoridad', 'niña', 'texas', 'ejecución', 'libertad', 'motivo', 'recluso']"
43,canciller,"['representante', 'denis moncada', 'canciller', 'término', 'país', 'cumbre de la celac', 'rechazo', '→', 'covid-19', 'vacuna', 'canciller', 'distribución', 'particular', 'amery brown', 'país', 'reunión', 'presidencia', '→', 'denis moncada', 'canciller', 'celac', 'pretempore', 'argentina', 'asunto', '→', 'esfuerzo', 'libro', 'covid-19', 'denis moncada', 'canciller', 'vacuna', 'coronavirus', 'favor', 'acceso', 'patente', 'desarrollo', 'medida', 'denis moncada', 'canciller', 'eeuu', 'pueblo', 'denis moncada', 'canciller', 'celac', 'eeuu', 'intento', 'cuba venezuela', 'país', 'imperio', 'unidad', 'integración', '→', 'libertad', 'denis moncada', 'canciller', 'vida', 'celac', 'mecanismo', 'integración', 'canciller', 'caribe', 'latinoamérica', 'kamina jonhson smith', 'región']"
44,familia,"['familia', 'teoría', 'amistad', 'familia', 'agosto', 'gabrielle ""gabby"" petito', 'carolina del sur', 'año', 'familia', 'murdaugh', 'descendiente', 'gabrielle ""gabby"" petito', 'agosto', 'autoridad', 'familia', 'operativo', 'muerte', 'justicia', 'hijo', 'paradero', 'agresor', 'recompensa', 'autoridad', 'video', 'familia', 'golpiza', 'pareja', 'desaparición', 'paradero', 'misterio', 'sábado', 'brian laundrie', 'familia', 'joven', 'casa', 'país', 'camioneta', 'mujer', 'california', 'el chaparral', 'frontera', 'visa', 'cocina', 'heroína', 'tijuana', 'familia', 'campamento', 'migrant', 'mujer', 'desaparición', 'final', 'pareja', 'año', 'agosto', 'oeste', 'brian laundrie', 'familia', 'joven', 'prometido', 'semana', 'país', 'gabby petito', 'viaje']"
45,fuerza,"['fuerza', 'manifestación', 'fuerza', 'realidad', 'gravedad', 'fuerza', 'electromagnetismo', 'pregunta', 'científico', 'fuerza', 'lugar', 'interacción', 'universo', 'embargo', 'semana', 'fuerza', 'madrugada', 'seguridad', 'reo', 'gs', 'domingo']"
46,china,"['china', 'indo-pacífica', 'paz', 'estabilidad', 'carrera', 'región', 'importación', 'producto', 'china', 'precio', 'cambio', 'medida', 'china', 'objetivo', 'estrategia', 'experto', 'política', 'acuerdo', 'funcionario', 'pese', 'región', 'aukus', 'china', 'implicación', 'año', 'pacífico sur', 'australia', 'pulso', 'defensa', 'movimiento', 'china', 'furia', 'washington', 'reino unido', 'asia', 'alianza', 'partida', 'pekín', 'ee uu', 'ajedrez', 'transcurso', 'australia', 'pueblo', 'economía', 'china', 'planeta', 'china', 'xi', 'vi cumbre de la celac', 'mensaje', 'jinping', 'presidente']"
47,ley,"['texas', 'grupo', 'preocupación', 'ley', 'ambientalista', 'proyecto', 'información', 'ley', 'sábado', 'uif', 'gobierno', 'través', 'unidad de investigaciones financieras', 'gs', 'fuente', 'contra la legitimación de ganancias ilícitas', 'secreto', 'cuerpo', 'grupo', 'camino', 'la incineración', 'congreso peruano', '/cc', 'el presidente', 'jefe', 'hora', 'ley']"
48,"gabrielle ""gabby"" petito","['familia', 'agosto', 'gabrielle ""gabby"" petito', 'gabrielle ""gabby"" petito', 'agosto', 'autoridad', 'familia', 'operativo']"
49,la tierra,"['naturaleza', 'momento', 'idea', 'la tierra', 'tripulante', 'el inexperto crew', 'día', 'detalle', 'astronauta', 'éxito', 'la tierra', 'espacio', 'viaje', 'regreso', 'tripulante', 'nave', 'día', 'la tierra', 'espacio', 'miembro', 'regreso', 'bordo', 'día', 'cápsula', 'órbita', 'spacex', 'misión', 'la tierra', 'noche', 'sábado', 'amerizaje', 'florida', 'día', 'cápsula', 'turista', 'órbita', 'la tierra', 'costa', 'tripulación', 'bordo', 'vivo después', 'espacio', 'día', 'órbita', 'misión', 'la tierra', 'inspiration4']"
50,isla,"['trabajo', 'campo', 'agua', 'lugar', 'aumento', 'mar', 'isla', 'nivel', 'penetración', 'agricultor', 'horario', 'puerta', 'cámara', 'rr', 'rayos', 'isla', 'alambrado', 'fila', 'acceso', 'x', 'migrant', 'centro', 'figura', 'nguyen xuan phuc', 'sábado', 'isla', 'encuentro', 'visita', 'presidente', 'figura', 'nguyen xuan phuc', 'sábado', 'isla', 'encuentro', 'visita', 'presidente']"
51,covid-19,"['pérdida', 'covid-19', 'zoológico', 'apetito', 'gorila', 'síntoma', 'congestión', 'atlanta', 'animal', 'covid-19', 'zoológico', 'washington dc', 'tigre', 'cuarentena', 'león', 'los ángeles', 'ciudad', 'orden', 'covid-19', 'policía', 'vacunación', 'plan', 'secretario general de la', 'onu', 'equipo', 'covid-19', 'vacuna', 'emergencia', 'socio', 'país', 'herramienta', 'acceso', 'vacunación', 'ministro de agricultura', 'forma', 'covid-19', 'papel', 'vacuna', 'celac', 'pobreza', 'desafío', 'peter david', 'crisis', '→', 'esfuerzo', 'ministro de agricultura', 'covid-19', 'vacuna', 'distribución', 'celac', 'región', 'producción', 'peter david', '→', 'covid-19', 'vacuna', 'canciller', 'distribución', 'particular', 'amery brown', 'país', 'reunión', '→', 'esfuerzo', 'libro', 'covid-19', 'denis moncada', 'canciller', 'vacuna', 'coronavirus', 'favor', 'acceso', 'patente']"
52,jefes de estado,"['jefes de estado', 'vi cumbre de jefas', 'mandatario', 'gobierno', 'presidente', 'jefes de estado', 'vi cumbre de jefas', 'mandatario', 'gobierno', 'presidente', 'jefes de estado', 'vi cumbre de jefas', 'mandatario', 'gobierno', 'presidente']"
53,decisión,"['decisión', 'futuro', 'decisión', 'medida', 'población', 'desconcierto', 'vacuna', 'detalle', 'médico', 'dosis', 'freno', 'crisis', 'decisión', 'trabajo', 'gobernante', 'decisión', 'país', 'facultad', 'gobierno', 'pueblo', 'terreno', 'causa', 'presidente']"
54,idea,"['miedo', 'contrario', 'idea', 'philipp blom', 'naturaleza', 'momento', 'idea', 'la tierra', 'libro', 'posibilidad', 'autor', 'philipp bloom', 'humanidad', 'idea', 'miedo', 'contrario', 'idea', 'philipp blom']"
55,escuela,"['escuela', 'niña', 'talibán', 'afganistán', 'escuela', 'niña', 'trabajo', 'preso', 'escuela', 'vida', 'cubano', 'liberación', '/cc', 'organizadores', 'pueblo', 'injusticia', 'octubre', 'brote', 'advertencia', 'maestra', 'escuela', 'caso', 'los ángeles', 'nombre', 'activista', 'escuela', 'dolores huerta']"
56,presidencia de,"['exjefe', 'seguridad', 'general', 'sometimiento', 'presidencia de', 'mauricio santoyo', 'instancia', 'policía', 'exjefe', 'seguridad', 'general', 'sometimiento', 'presidencia de', 'mauricio santoyo', 'instancia', 'policía', 'exjefe', 'seguridad', 'general', 'sometimiento', 'presidencia de', 'mauricio santoyo', 'instancia', 'policía', 'exjefe', 'seguridad', 'general', 'sometimiento', 'presidencia de', 'mauricio santoyo', 'instancia', 'policía']"
57,deportación,"['texas', 'julio', 'republicano', 'mayoría', 'haití', 'ee uu', 'haitiano', '/oh', 'situación', 'biden', 'deportación', 'crisis', 'migrant', 'localidad', 'washington', 'detención', 'mayoría', '/cc', 'envío', 'vuelo', 'medios', 'deportación', 'paso', 'llegada', 'texas', 'plan', 'medio', 'administración', 'sur', 'haitiano', 'fuente', 'marcha', 'domingo', 'biden', 'deportación', 'migrant', 'llegada', 'texas', 'plan', 'medio', 'administración', 'sur', 'haitiano', 'fuente', 'marcha', 'domingo', 'biden', 'deportación', 'migrant', 'llegada', 'persona', 'orden', 'salida', 'eeuu', 'la abogada', 'deportación', 'del río', 'eeuu', 'haitiano', 'domingo', 'paso', 'deportación', 'crisis', 'estrategia', 'dhs', 'envío', 'punto', 'control', 'situación', 'deportación', 'agente']"
58,factor,"['multiplicidad', 'factor', 'incremento', 'flet', 'precio', 'multiplicidad', 'factor', 'incremento', 'mayoría', 'flet', 'pandemia', 'crisis', 'precio', 'presidente de bolivia', 'factor', 'protagonismo', 'legitimidad', 'celac', 'injerencia', 'democracia', 'situación', '2010', 'oea']"
59,recurso,"['recurso', 'mundo', 'guyana', 'crisis', 'dependencia', 'presidente', 'pago', 'suspensión', 'condonación', 'acuerdo', 'país', 'recurso', 'comunidad', 'bolivia', 'crisis', 'presidente', 'deuda', 'mercado', 'mano', 'obra', 'canadá', 'continente', 'méxico', 'recurso', 'eeuu', 'américa', 'presidente', 'tratado', 'desigualdad', 'institución', 'recurso', 'posición', 'secretario de relaciones exteriores de méxico', 'fmi', 'acceso', 'europeo', 'riesgo', 'obligación', 'posibilidad', 'recurso', 'planeta', 'consejo', 'país', 'charles michel', 'presidente', '→', 'manera', 'barbados', 'gobiernos', 'fenómeno', 'recurso', 'vacuna', 'magnitud', 'pandemia', 'ministro de relaciones exteriores de', 'jerome walcott']"
60,error,"['error', 'cadena', 'presencia', 'persona', 'error', 'fuerzas armadas', 'cnn', 'agosto', 'eeuu', 'gs', 'segundo', 'afganistán', 'pentágono', 'error', 'adulto', 'eeuu', 'ataque']"
61,submarino,"['flota', 'submarino', 'propulsión', 'alianza', 'submarino', 'propulsión', 'acuerdo', 'tecnología', 'australia', 'flota', 'submarino', 'propulsión', 'alianza', 'submarino', 'compra', 'buque', 'acuerdo', 'ruptura', 'confianza', 'aliado', 'francia', 'parte', 'desprecio', 'submarino', 'comportamiento', 'propulsión', 'camberra', '/cc', 'socio', 'pedido', 'estadounidense', 'aliado', 'parís', 'francia', 'consulta', 'embajador', 'submarino', 'washington', 'renuncia', 'ee uu', 'compromiso', 'australia', 'emmanuel macron', 'grado', 'canberra', 'francia', 'crisis', 'embajador']"
62,2019,"['protesta', 'año', 'expresidente', 'contra', '2019', 'protesta', 'año', 'expresidente', 'contra', '2019', 'protesta', 'año', 'expresidente', 'contra', '2019']"
63,nicolás maduro,"['nicolás maduro', 'mandatario', 'presencia', 'relación', 'ciudad de méxico', 'estados unidos', 'petición', 'crítica', 'cuestionamiento', 'debate', 'región', 'cumbre de la celac', 'oea', 'nicolás maduro', 'objetivo', 'vi cumbre', 'latininoamericana', 'méxico', 'ciudad de méxico', 'izquierda', 'región', 'reunión', 'miguel díaz-canel', 'organismo', 'amlo', 'oea', 'presidente', 'nicolás maduro', 'benítez', 'reconocimiento', 'presencia', 'sentido', 'maduro', 'circunstancia', 'comentario', 'cumbre', 'gobierno', 'debate', 'señor', 'presidente', '“', 'nicolás maduro', 'página', 'acoso', 'américa latina', 'revolución', 'divisionismo', 'nicolás maduro', 'viernes', 'el presidente venezolano', 'méxico', 'noche', 'sorpresa', 'cumbre', 'hora']"
64,venezuela,"['ortega', 'en nicaragua', 'méxico', 'espaldarazo', 'díaz-canel', 'venezuela', 'rafael rojas', 'régimen', 'disenso', 'distensión', 'pesar', 'celac', 'venezuela', 'debate', 'espíritu', 'elección', 'país', 'onu', 'medida', 'crisis', 'venezuela', 'mundo', 'cuba', 'fin', 'capricho', 'caso', 'bloqueo', 'país', 'época', 'diálogo', 'desarrollo', 'camino', 'paz', 'apoyo', 'venezuela', 'gobierno', 'oposiciones→', 'presidente', 'resistencia', 'libertad', 'respeto', 'democracia', 'venezuela', 'revolución', 'presidente', 'paraguay', 'maduro', 'millón', 'recompensa', 'ciudad de méxico', 'celac', 'eeuu', 'venezuela', 'cumbre', 'gobierno', 'gobernante', 'uruguay', 'dólares', 'participación']"
65,cara,"['foro', 'cara', 'celac', 'eeuu', 'alternativa', 'américa latina lo', 'instrumento', 'país', 'oea', 'el país escaparate', 'mascarilla', 'cara', 'impureza', 'carbón', 'día', 'arcilla']"
66,diferencia,"['territorio', 'centroamérica', 'base', 'comercio', 'importancia', 'españa', 'panamá', 'resto', 'diferencia', 'siglo', 'través', 'panamá', 'diferencia', 'istmo', 'nación', 'cristina kirchner', 'alberto fernández', 'argentina', 'presidente', 'vicepresidenta', 'diferencia', 'brasileño', 'eficacia', 'mayoría', 'vacuna', 'jair bolsonaro', 'nueva york', 'asamblea general de naciones unidas', 'mundo', 'homólogo', 'diferencia', 'integración', 'presidente', 'ecuador', 'evento', 'diferencia']"
67,manifestación,"['manifestación', 'fuerza', 'realidad', 'saldo', 'decena', 'melbourne', 'detenido', 'manifestación', 'dz', 'agente', 'miércoles', 'luna', 'el salvador', 'persona', 'millón', 'fin', 'manifestación', 'país', 'miel', 'presidente', 'nayib bukele', 'miércoles', 'luna', 'el salvador', 'persona', 'millón', 'fin', 'manifestación', 'país', 'miel', 'presidente', 'nayib bukele', 'desarrollo', 'persona', 'participante', 'seguidor', 'trump', 'expresidente', 'zona', 'cantidad', 'manifestación']"
68,derecho,"['derecho', 'cancillería', 'política', 'acoso', 'norma', 'derecho', 'servicio', 'página', 'población', 'política', 'club', 'interventor', 'divisionismo', 'derecho', 'distinción', 'bien', 'alguna→', 'presidente', 'salud', 'nación']"
69,agente,"['saldo', 'decena', 'melbourne', 'detenido', 'manifestación', 'dz', 'agente', 'inmigrante', 'frontera', 'condición', 'migrant', 'agente', 'miembro', 'acr', 'busca', 'oficial', 'north port', 'brian laundrie', 'reserva carlton', 'organización', 'policía', 'fbi', 'agente', 'estrategia', 'dhs', 'envío', 'punto', 'control', 'situación', 'deportación', 'agente']"
70,red,"['carta', 'red', 'quiebra', 'fernández de kirchner', 'plan', 'red', 'exterior', 'capacidad', 'secretaria ejecutiva de la cepal alicia bárcena', 'laboratorio', 'ensayo', 'línea', 'universidad', 'patrocinador']"
71,australia,"['submarino', 'propulsión', 'acuerdo', 'tecnología', 'australia', 'china', 'implicación', 'año', 'pacífico sur', 'australia', 'pulso', 'mar de la china', 'reino unido', 'alianza', 'unión europea', 'estados unidos', 'australia', 'lazo', 'costa', 'defensa', 'movimiento', 'china', 'furia', 'washington', 'reino unido', 'asia', 'alianza', 'partida', 'pekín', 'ee uu', 'ajedrez', 'transcurso', 'australia', 'submarino', 'washington', 'renuncia', 'ee uu', 'compromiso', 'australia', 'emmanuel macron', 'grado', 'canberra', 'francia', 'crisis', 'embajador']"
72,brian laundrie,"['pareja', 'desaparición', 'paradero', 'misterio', 'sábado', 'brian laundrie', 'familia', 'joven', 'casa', 'país', 'camioneta', 'brian laundrie', 'gabby petito', 'policía', 'prometido', 'mujer', 'desaparición', 'final', 'pareja', 'año', 'agosto', 'oeste', 'brian laundrie', 'familia', 'joven', 'prometido', 'semana', 'país', 'gabby petito', 'viaje', 'verdad', 'año', 'mensaje', 'edad', 'brian laundrie', 'joven', 'padre', 'joseph petito', 'miembro', 'acr', 'busca', 'oficial', 'north port', 'brian laundrie', 'reserva carlton', 'organización', 'policía', 'fbi', 'agente']"
73,programa,"['entrevista', 'horario', 'prevención', 'suicidio', 'sábado', 'programa', 'ssa', 'ubica', 'parte', 'dra pamela espinosa méndez', '→', 'primer', 'política', 'ministro', 'problema', 'programa', 'pueblo', 'entrevista', 'horario', 'prevención', 'suicidio', 'sábado', 'programa', 'ssa', 'ubica', 'parte', 'dra pamela espinosa méndez', 'entrevista', 'horario', 'prevención', 'suicidio', 'sábado', 'programa', 'ssa', 'ubica', 'parte', 'dra pamela espinosa méndez', 'entrevista', 'horario', 'prevención', 'suicidio', 'sábado', 'programa', 'ssa', 'ubica', 'parte', 'dra pamela espinosa méndez']"
74,empresa,"['dinastía', 'religión', 'pueblo', 'diversidad', 'empresa', 'estrella', 'mercado', 'on', 'año', 'zapatilla', 'millón', 'valor', 'tenis', 'dólares', 'empresa', 'participación', 'intimidación', 'habitante', 'mam', 'chuj qanjobal akateko', 'planta', 'fin', 'construcción', 'pueblo', 'violencia', 'contaminación', 'empresa', 'compra', 'precise medicine', 'policía federal', 'allanamiento', 'vacuna', 'tipo', 'sede', 'empresa', 'empresa', 'salario', 'sector', 'trabajador', 'beneficio', 'demanda', 'bonificación']"
75,protesta,"['defensa', 'protesta', 'despliegue', 'cuenta', 'enero', 'seguridad', 'sábado', 'recinto', 'concentración', 'violencia', 'capitolio', 'protesta', 'año', 'expresidente', 'contra', '2019', 'protesta', 'año', 'expresidente', 'contra', '2019', 'protesta', 'año', 'expresidente', 'contra', '2019']"
76,coronavirus,"['sudamérica', 'coronavirus', 'caso', 'medida', 'caída', 'sudamérica', 'coronavirus', 'contagio', '→', 'esfuerzo', 'libro', 'covid-19', 'denis moncada', 'canciller', 'vacuna', 'coronavirus', 'favor', 'acceso', 'patente', 'número', 'comida', 'momento', 'trabajo', 'establecimiento', 'disminución', 'denver colorado', 'zona', 'amenaza', 'coronavirus', 'casa', 'cliente']"
77,enfermedad,"['año', 'mundo', 'enfermedad', 'persona', 'linfoma', 'adulto', 'enfermedad', 'sangre']"
78,kamina johnson smith,"['voz', '→', 'relaciones', 'kamina johnson smith', 'ministra', 'caribe', 'latinoamérica', 'unión', 'jamaica', 'reunión', 'reunión de la onu→', 'relaciones', 'kamina johnson smith', 'pueblo', 'esperanza', 'ministra', 'oportunidad', 'jamaica', 'parte']"
79,washington,"['washington', 'detención', 'mayoría', '/cc', 'envío', 'vuelo', 'medios', 'deportación', 'paso', 'llegada', 'texas', 'medio', 'regreso', 'washington', 'origen', 'ee uu', 'sur', 'haitiano', 'vuelo', 'domingo', 'país', 'migrant', 'defensa', 'movimiento', 'china', 'furia', 'washington', 'reino unido', 'asia', 'alianza', 'partida', 'pekín', 'ee uu', 'ajedrez', 'transcurso', 'australia', 'submarino', 'washington', 'renuncia', 'ee uu', 'compromiso', 'australia', 'emmanuel macron', 'grado', 'canberra', 'francia', 'crisis', 'embajador', 'afganistán', 'tropa', 'gasto', 'presencia', 'washington', 'rol', 'cosecha', 'año', 'cumbre', 'aquí→', 'crítica', 'crisis']"
80,misión,"['miembro', 'océano atlántico', 'tripulación', 'dragon', 'sábado', 'espacio', 'florida', 'cápsula', 'éxito', 'misión', 'costa', 'bordo', 'mes', 'nave', 'estación', 'construcción', 'astronauta', 'misión', 'duración', 'miembro', 'regreso', 'bordo', 'día', 'cápsula', 'órbita', 'spacex', 'misión', 'la tierra', 'tripulación', 'bordo', 'vivo después', 'espacio', 'día', 'órbita', 'misión', 'la tierra', 'inspiration4']"
81,del río,"['texas', 'del río', 'caravana', 'campamento', 'coahuila méxico', 'migrant', 'del río', 'eeuu', 'haitiano', 'domingo', 'paso', 'deportación', 'crisis']"
82,españa,"['territorio', 'centroamérica', 'base', 'comercio', 'importancia', 'españa', 'panamá', 'resto', 'diferencia', 'bandera', 'grito', 'barrio de chueca', 'persona', 'grupo', 'tarde', 'juventud nacional', 'sábado', 'españa', 'madrileño', 'calle', 'ultraderecha', 'ideología', 'director', 'forja', 'clásico', 'vida', 'acta', 'través', 'mario camus', 'españa', 'los santos inocentes', 'jacinta', 'cine', 'maestro', 'televisión', 'fortunata', 'serie', 'la colmena', 'estilo', 'visita', 'país', 'posición', 'españa', 'feria del libro de madrid', 'artista', 'expresión', 'iván duque', 'presidente']"
83,disposición,"['vacuna', 'distribución', 'sábado', 'producción', 'disposición', 'presidente', 'vacuna', 'distribución', 'sábado', 'producción', 'disposición', 'presidente']"
84,seguro,"['hijo', 'asesinato', 'seguro', 'vida', 'abogado', 'hijo', 'asesinato', 'seguro', 'vida', 'abogado', 'persona', 'población', 'grupo', 'seguro', 'fenómeno', 'latino', 'censo', 'acceso']"
85,dean buonomano,"['autor', 'tiempo', 'futuro', 'máquina', 'dean buonomano', 'tu cerebro', 'autor', 'tiempo', 'futuro', 'máquina', 'dean buonomano', 'tu cerebro']"
86,senado de república dominicana,"['desarrollo', 'alianza', 'senado de república dominicana', 'república dominicana', 'fondo', 'presidente', 'creación', 'mundo', 'senado de república dominicana', 'región', 'multilaterismo', 'resto', 'presidente']"
87,aplicación,"['apple', 'adobe google', 'cuenta', 'compañía', 'usuario', 'aplicación', 'clave', 'abogada', 'daca', 'aplicación']"
88,ssa,"['entrevista', 'horario', 'prevención', 'suicidio', 'sábado', 'programa', 'ssa', 'ubica', 'parte', 'dra pamela espinosa méndez', 'entrevista', 'horario', 'prevención', 'suicidio', 'sábado', 'programa', 'ssa', 'ubica', 'parte', 'dra pamela espinosa méndez', 'entrevista', 'horario', 'prevención', 'suicidio', 'sábado', 'programa', 'ssa', 'ubica', 'parte', 'dra pamela espinosa méndez', 'entrevista', 'horario', 'prevención', 'suicidio', 'sábado', 'programa', 'ssa', 'ubica', 'parte', 'dra pamela espinosa méndez']"
89,participación,"['luis lacalle', 'maduro', 'cita', 'legitimidad', 'cumbre', 'mario abdo benítez', 'presidente', 'participación', 'estrella', 'mercado', 'on', 'año', 'zapatilla', 'millón', 'valor', 'tenis', 'dólares', 'empresa', 'participación', 'estado', 'golpe', 'contra', 'injerencia', 'organismo', 'país', 'bolivia', 'oea', 'asunto', 'participación', 'paraguay', 'maduro', 'millón', 'recompensa', 'ciudad de méxico', 'celac', 'eeuu', 'venezuela', 'cumbre', 'gobierno', 'gobernante', 'uruguay', 'dólares', 'participación']"
90,biles,"['testimonio', 'biles', 'atleta', 'biles', 'abuso', 'historia', 'larry nassar', 'sistema', 'gimnasta', 'culpo', 'juegos olímpicos']"
91,paz,"['china', 'indo-pacífica', 'paz', 'estabilidad', 'carrera', 'región', 'diálogo', 'desarrollo', 'camino', 'paz', 'apoyo', 'venezuela', 'gobierno', 'oposiciones→', 'presidente', 'multinacionalismo', 'paz', 'estado de derecho', 'américa latina', 'republica de surinam', 'el caribe', 'presidente']"
92,experto,"['cambio', 'medida', 'china', 'objetivo', 'estrategia', 'experto', 'política', 'acuerdo', 'funcionario', 'pese', 'región', 'aukus', 'brote', 'información', 'experto', 'rr', 'gigante', 'importancia', 'peste', 'amenaza', 'país', 'región', 'vecino', 'administración de medicamentos', 'miocarditi', 'año', 'alimentos', 'experto', 'riesgo', 'hombre', 'preocupación', 'dosis', 'persona', 'pfizer', 'experto', 'vacuna', 'fda', 'refuerzo', 'solo', 'razón']"
93,precio,"['multiplicidad', 'factor', 'incremento', 'flet', 'precio', 'importación', 'producto', 'china', 'precio', 'multiplicidad', 'factor', 'incremento', 'mayoría', 'flet', 'pandemia', 'crisis', 'precio']"
94,medio,"['texas', 'plan', 'medio', 'administración', 'sur', 'haitiano', 'fuente', 'marcha', 'domingo', 'biden', 'deportación', 'migrant', 'llegada', 'rico', 'investigador', 'medio', 'kerry emanuel', 'pobre', 'huracán', 'texas', 'plan', 'medio', 'administración', 'sur', 'haitiano', 'fuente', 'marcha', 'domingo', 'biden', 'deportación', 'migrant', 'llegada', 'texas', 'medio', 'regreso', 'washington', 'origen', 'ee uu', 'sur', 'haitiano', 'vuelo', 'domingo', 'país', 'migrant']"
95,diversidad,"['dinastía', 'religión', 'pueblo', 'diversidad', 'empresa', 'momento', 'subsecretario de relaciones económicas de', 'cumbre', 'ayuda', 'diversidad', 'región', 'rodrigo yáñez benítez', 'contexto']"
96,institucionalidad,"['integración', 'pueblo', 'unión', 'democracia', 'institucionalidad', 'favor', 'promoción', 'presidente', 'integración', 'pueblo', 'unión', 'democracia', 'institucionalidad', 'favor', 'promoción', 'presidente']"
97,independencia,"['año', 'centroamérica', 'miércoles', 'independencia', 'el salvador', 'año', 'centroamérica', 'anciano', 'independencia']"
98,preocupación,"['texas', 'grupo', 'preocupación', 'ley', 'ambientalista', 'quiebra', 'año', '/cc', 'sistema', 'gigante', 'preocupación', 'nivel', 'colapso', 'consecuencia', 'prueba', 'administración de medicamentos', 'miocarditi', 'año', 'alimentos', 'experto', 'riesgo', 'hombre', 'preocupación', 'dosis']"
99,abuso,"['abuso', 'equipo', 'manos', 'simone biles', 'senado de estados unidos', 'gimnasta', 'médico', 'biles', 'abuso', 'historia', 'larry nassar', 'sistema', 'gimnasta', 'culpo', 'juegos olímpicos', 'abuso', 'equipo', 'senado de eeuu', 'manos', 'simone biles', 'médico']"
